55.944425 -3.188396 SE 55.944212867965646 -3.1881838679656442 0.0 248.75 
55.944212867965646 -3.1881838679656442 SE 55.94400073593129 -3.1879717359312885 0.0 247.5 
55.94400073593129 -3.1879717359312885 ESE 55.94388593090158 -3.187694572071535 121.40203857421875 294.84983825683594 
55.94388593090158 -3.187694572071535 S 55.94358593090158 -3.187694572071535 121.40203857421875 293.59983825683594 
55.94358593090158 -3.187694572071535 S 55.943285930901574 -3.187694572071535 197.02526092529297 307.07391929626465 
55.943285930901574 -3.187694572071535 S 55.94298593090157 -3.187694572071535 211.40723037719727 421.7991695404053 
55.94298593090157 -3.187694572071535 ENE 55.94310073593128 -3.1874174082117817 211.40723037719727 420.5491695404053 
55.94310073593128 -3.1874174082117817 ENE 55.94321554096099 -3.1871402443520283 211.40723037719727 419.2991695404053 
55.94321554096099 -3.1871402443520283 NNE 55.94349270482075 -3.1870254393223187 240.98504829406738 443.9306640625 
55.94349270482075 -3.1870254393223187 NNE 55.943769868680505 -3.1869106342926092 240.98504829406738 442.6806640625 
55.943769868680505 -3.1869106342926092 NNE 55.94404703254026 -3.1867958292628997 240.98504829406738 441.4306640625 
55.94404703254026 -3.1867958292628997 NNE 55.94432419640002 -3.18668102423319 240.98504829406738 440.1806640625 
55.94432419640002 -3.18668102423319 N 55.94462419640002 -3.18668102423319 290.2867374420166 479.90097427368164 
55.94462419640002 -3.18668102423319 NE 55.94483632843438 -3.1864688921988344 290.2867374420166 478.65097427368164 
55.94483632843438 -3.1864688921988344 NE 55.94504846046873 -3.1862567601644787 290.2867374420166 477.40097427368164 
55.94504846046873 -3.1862567601644787 NNE 55.94532562432849 -3.186141955134769 345.8608913421631 529.8152923583984 
55.94532562432849 -3.186141955134769 NNW 55.945602788188246 -3.1862567601644787 345.8608913421631 528.5652923583984 
55.945602788188246 -3.1862567601644787 N 55.94590278818825 -3.1862567601644787 416.03075218200684 528.8438707590103 
55.94590278818825 -3.1862567601644787 WSW 55.94578798315854 -3.186533924024232 416.03075218200684 527.5938707590103 
55.94578798315854 -3.186533924024232 WSW 55.94567317812883 -3.1868110878839855 493.8868999481201 573.2663789987564 
55.94567317812883 -3.1868110878839855 W 55.94567317812883 -3.1871110878839857 508.31415271759033 602.7552973031998 
55.94567317812883 -3.1871110878839857 W 55.94567317812883 -3.187411087883986 508.31415271759033 601.5052973031998 
55.94567317812883 -3.187411087883986 W 55.94567317812883 -3.187711087883986 508.31415271759033 600.2552973031998 
55.94567317812883 -3.187711087883986 W 55.94567317812883 -3.1880110878839862 508.31415271759033 599.0052973031998 
55.94567317812883 -3.1880110878839862 WSW 55.94555837309912 -3.1882882517437396 508.31415271759033 597.7552973031998 
55.94555837309912 -3.1882882517437396 W 55.94555837309912 -3.18858825174374 508.31415271759033 596.5052973031998 
55.94555837309912 -3.18858825174374 SW 55.94534624106476 -3.1888003837780956 624.5552110671997 614.4309107065201 
55.94534624106476 -3.1888003837780956 WNW 55.94546104609447 -3.189077547637849 624.5552110671997 613.1809107065201 
55.94546104609447 -3.189077547637849 WNW 55.94557585112418 -3.1893547114976024 717.0524950027466 718.141703248024 
55.94557585112418 -3.1893547114976024 SW 55.945363719089826 -3.189566843531958 717.0524950027466 716.891703248024 
55.945363719089826 -3.189566843531958 S 55.94506371908982 -3.189566843531958 725.9739923477173 722.698298573494 
55.94506371908982 -3.189566843531958 NW 55.94527585112418 -3.189778975566314 725.9739923477173 721.448298573494 
55.94527585112418 -3.189778975566314 W 55.94527585112418 -3.190078975566314 729.020498752594 770.3234702348709 
55.94527585112418 -3.190078975566314 N 55.94557585112418 -3.190078975566314 847.2210373878479 831.5666304826736 
55.94557585112418 -3.190078975566314 N 55.945875851124185 -3.190078975566314 888.0627961158752 897.9002944231033 
55.945875851124185 -3.190078975566314 SW 55.94566371908983 -3.19029110760067 888.0627961158752 896.6502944231033 
55.94566371908983 -3.19029110760067 SSW 55.94538655523007 -3.1904059126303794 899.407422542572 964.2717620134354 
55.94538655523007 -3.1904059126303794 SSW 55.945109391370316 -3.190520717660089 998.8386588096619 968.1722265481949 
55.945109391370316 -3.190520717660089 W 55.945109391370316 -3.190820717660089 998.8386588096619 966.9222265481949 
55.945109391370316 -3.190820717660089 WSW 55.944994586340606 -3.1910978815198425 1067.3520102500916 1072.3610845804214 
55.944994586340606 -3.1910978815198425 SSW 55.94471742248085 -3.191212686549552 1067.3520102500916 1071.1110845804214 
55.94471742248085 -3.191212686549552 S 55.944417422480846 -3.191212686549552 1082.5134692192078 1147.417374253273 
55.944417422480846 -3.191212686549552 SW 55.94420529044649 -3.191424818583908 1082.5134692192078 1146.167374253273 
55.94420529044649 -3.191424818583908 S 55.94390529044649 -3.191424818583908 1093.65088224411 1200.8889776468277 
55.94390529044649 -3.191424818583908 SE 55.94369315841213 -3.191212686549552 1218.1700015068054 1225.5064512491226 
55.94369315841213 -3.191212686549552 WNW 55.94380796344184 -3.1914898504093054 1218.1700015068054 1224.2564512491226 
55.94380796344184 -3.1914898504093054 NW 55.9440200954762 -3.191701982443661 1218.1700015068054 1223.0064512491226 
55.9440200954762 -3.191701982443661 NNE 55.944297259335954 -3.1915871774139517 1218.1700015068054 1221.7564512491226 
55.944297259335954 -3.1915871774139517 SW 55.9440851273016 -3.1917993094483075 1243.23974943161 1277.7646528482437 
55.9440851273016 -3.1917993094483075 SSW 55.94380796344184 -3.191914114478017 1243.23974943161 1276.5146528482437 
55.94380796344184 -3.191914114478017 WSW 55.94369315841213 -3.1921912783377704 1243.23974943161 1275.2646528482437 
55.94369315841213 -3.1921912783377704 NW 55.94390529044649 -3.192403410372126 1243.23974943161 1274.0146528482437 
55.94390529044649 -3.192403410372126 NNE 55.944182454306244 -3.1922886053424167 1283.06103849411 1278.4630929231644 
55.944182454306244 -3.1922886053424167 NNE 55.944459618166 -3.192173800312707 1283.06103849411 1277.2130929231644 
55.944459618166 -3.192173800312707 N 55.944759618166 -3.192173800312707 1305.3214030265808 1278.3479954004288 
55.944759618166 -3.192173800312707 NE 55.94497175020036 -3.1919616682783514 1305.3214030265808 1277.0979954004288 
55.94497175020036 -3.1919616682783514 N 55.94527175020036 -3.1919616682783514 1373.5085291862488 1376.3518711328506 
55.94527175020036 -3.1919616682783514 ENE 55.94538655523007 -3.191684504418598 1373.5085291862488 1375.1018711328506 
55.94538655523007 -3.191684504418598 ENE 55.94550136025978 -3.1914073405588446 1373.5085291862488 1373.8518711328506 
55.94550136025978 -3.1914073405588446 NNE 55.94577852411954 -3.191292535529135 1485.792884349823 1468.6544300317764 
55.94577852411954 -3.191292535529135 NE 55.945990656153896 -3.1910804034947793 1552.0480723381042 1580.1573215723038 
55.945990656153896 -3.1910804034947793 SSE 55.94571349229414 -3.1909655984650698 1552.0480723381042 1578.9073215723038 
55.94571349229414 -3.1909655984650698 SSE 55.94543632843438 -3.1908507934353603 1552.0480723381042 1577.6573215723038 
55.94543632843438 -3.1908507934353603 SSE 55.945159164574626 -3.1907359884056508 1552.0480723381042 1576.4073215723038 
55.945159164574626 -3.1907359884056508 SSE 55.94488200071487 -3.1906211833759412 1552.0480723381042 1575.1573215723038 
55.94488200071487 -3.1906211833759412 SSE 55.94460483685511 -3.1905063783462317 1552.0480723381042 1573.9073215723038 
55.94460483685511 -3.1905063783462317 SSE 55.94432767299536 -3.1903915733165222 1552.0480723381042 1572.6573215723038 
55.94432767299536 -3.1903915733165222 S 55.944027672995354 -3.1903915733165222 1552.0480723381042 1571.4073215723038 
55.944027672995354 -3.1903915733165222 S 55.94372767299535 -3.1903915733165222 1552.0480723381042 1570.1573215723038 
55.94372767299535 -3.1903915733165222 SSE 55.943450509135594 -3.1902767682868127 1552.0480723381042 1568.9073215723038 
55.943450509135594 -3.1902767682868127 SE 55.94323837710124 -3.190064636252457 1552.0480723381042 1567.6573215723038 
55.94323837710124 -3.190064636252457 WNW 55.94335318213095 -3.1903418001122104 1552.0480723381042 1566.4073215723038 
55.94335318213095 -3.1903418001122104 NNE 55.943630345990705 -3.190226995082501 1552.0480723381042 1565.1573215723038 
55.943630345990705 -3.190226995082501 S 55.9433303459907 -3.190226995082501 1552.0480723381042 1563.9073215723038 
55.9433303459907 -3.190226995082501 NNW 55.94360750985046 -3.1903418001122104 1552.0480723381042 1562.6573215723038 
55.94360750985046 -3.1903418001122104 NNW 55.943884673710215 -3.19045660514192 1552.0480723381042 1561.4073215723038 
55.943884673710215 -3.19045660514192 SE 55.94367254167586 -3.190244473107564 1552.0480723381042 1560.1573215723038 
55.94367254167586 -3.190244473107564 S 55.943372541675856 -3.190244473107564 1552.0480723381042 1558.9073215723038 
55.943372541675856 -3.190244473107564 NNW 55.94364970553561 -3.1903592781372736 1552.0480723381042 1557.6573215723038 
55.94364970553561 -3.1903592781372736 S 55.94334970553561 -3.1903592781372736 1552.0480723381042 1556.4073215723038 
55.94334970553561 -3.1903592781372736 NNE 55.943626869395366 -3.190244473107564 1552.0480723381042 1555.1573215723038 
55.943626869395366 -3.190244473107564 SSE 55.94334970553561 -3.1901296680778546 1552.0480723381042 1553.9073215723038 
55.94334970553561 -3.1901296680778546 NW 55.943561837569966 -3.1903418001122104 1552.0480723381042 1552.6573215723038 
55.943561837569966 -3.1903418001122104 SSE 55.94328467371021 -3.190226995082501 1552.0480723381042 1551.4073215723038 
55.94328467371021 -3.190226995082501 N 55.94358467371021 -3.190226995082501 1552.0480723381042 1550.1573215723038 
55.94358467371021 -3.190226995082501 SSE 55.943307509850456 -3.1901121900527913 1552.0480723381042 1548.9073215723038 
55.943307509850456 -3.1901121900527913 NW 55.94351964188481 -3.190324322087147 1552.0480723381042 1547.6573215723038 
55.94351964188481 -3.190324322087147 NNW 55.94379680574457 -3.1904391271168566 1552.0480723381042 1546.4073215723038 
55.94379680574457 -3.1904391271168566 ESE 55.94368200071486 -3.190161963257103 1590.177951335907 1619.4890781641006 
55.94368200071486 -3.190161963257103 S 55.943382000714855 -3.190161963257103 1590.177951335907 1618.2390781641006 
55.943382000714855 -3.190161963257103 SE 55.9431698686805 -3.1899498312227474 1590.177951335907 1616.9890781641006 
55.9431698686805 -3.1899498312227474 E 55.9431698686805 -3.1896498312227473 1590.177951335907 1615.7390781641006 
55.9431698686805 -3.1896498312227473 ESE 55.94305506365079 -3.189372667362994 1671.5875124931335 1697.2630115747452 
55.94305506365079 -3.189372667362994 E 55.94305506365079 -3.1890726673629937 1671.5875124931335 1696.0130115747452 
55.94305506365079 -3.1890726673629937 E 55.94305506365079 -3.1887726673629935 1671.5875124931335 1694.7630115747452 
55.94305506365079 -3.1887726673629935 E 55.94305506365079 -3.1884726673629933 1671.5875124931335 1693.5130115747452 
55.94305506365079 -3.1884726673629933 E 55.94305506365079 -3.188172667362993 1671.5875124931335 1692.2630115747452 
55.94305506365079 -3.188172667362993 E 55.94305506365079 -3.187872667362993 1671.5875124931335 1691.0130115747452 
55.94305506365079 -3.187872667362993 E 55.94305506365079 -3.1875726673629927 1671.5875124931335 1689.7630115747452 
55.94305506365079 -3.1875726673629927 E 55.94305506365079 -3.1872726673629925 1671.5875124931335 1688.5130115747452 
55.94305506365079 -3.1872726673629925 E 55.94305506365079 -3.1869726673629923 1671.5875124931335 1687.2630115747452 
55.94305506365079 -3.1869726673629923 E 55.94305506365079 -3.186672667362992 1671.5875124931335 1686.0130115747452 
55.94305506365079 -3.186672667362992 E 55.94305506365079 -3.186372667362992 1671.5875124931335 1684.7630115747452 
55.94305506365079 -3.186372667362992 E 55.94305506365079 -3.1860726673629918 1671.5875124931335 1683.5130115747452 
55.94305506365079 -3.1860726673629918 NE 55.943267195685145 -3.185860535328636 1695.6796298027039 1702.9291282892227 
55.943267195685145 -3.185860535328636 SE 55.94305506365079 -3.1856484032942802 1695.6796298027039 1701.6791282892227 
55.94305506365079 -3.1856484032942802 ESE 55.94294025862108 -3.185371239434527 1702.5750226974487 1702.30268740654 
55.94294025862108 -3.185371239434527 NE 55.943152390655435 -3.185159107400171 1702.5750226974487 1701.05268740654 
55.943152390655435 -3.185159107400171 NNE 55.94342955451519 -3.1850443023704615 1770.2329206466675 1767.3903033733368 
55.94342955451519 -3.1850443023704615 ENE 55.9435443595449 -3.184767138510708 1770.2329206466675 1766.1403033733368 
55.9435443595449 -3.184767138510708 ENE 55.94365916457461 -3.1844899746509547 1839.1551160812378 1782.007172346115 
55.94365916457461 -3.1844899746509547 NNW 55.94393632843437 -3.1846047796806642 1839.1551160812378 1780.757172346115 
55.94393632843437 -3.1846047796806642 N 55.94423632843437 -3.1846047796806642 1870.550419807434 1889.4813849925995 
55.94423632843437 -3.1846047796806642 SSE 55.943959164574615 -3.1844899746509547 1870.550419807434 1888.2313849925995 
55.943959164574615 -3.1844899746509547 SSE 55.94368200071486 -3.1843751696212452 1870.550419807434 1886.9813849925995 
55.94368200071486 -3.1843751696212452 S 55.943382000714855 -3.1843751696212452 1870.550419807434 1885.7313849925995 
55.943382000714855 -3.1843751696212452 S 55.94308200071485 -3.1843751696212452 1948.9665956497192 1886.3859258890152 
55.94308200071485 -3.1843751696212452 NNW 55.94335916457461 -3.1844899746509547 1948.9665956497192 1885.1359258890152 
55.94335916457461 -3.1844899746509547 NNW 55.943636328434366 -3.1846047796806642 1948.9665956497192 1883.8859258890152 
55.943636328434366 -3.1846047796806642 NNW 55.94391349229412 -3.1847195847103738 1948.9665956497192 1882.6359258890152 
55.94391349229412 -3.1847195847103738 NNW 55.94419065615388 -3.1848343897400833 1948.9665956497192 1881.3859258890152 
55.94419065615388 -3.1848343897400833 NNW 55.944467820013635 -3.1849491947697928 1948.9665956497192 1880.1359258890152 
55.944467820013635 -3.1849491947697928 N 55.94476782001364 -3.1849491947697928 1948.9665956497192 1878.8859258890152 
55.94476782001364 -3.1849491947697928 NNW 55.945044983873395 -3.1850639997995023 1948.9665956497192 1877.6359258890152 
55.945044983873395 -3.1850639997995023 N 55.9453449838734 -3.1850639997995023 1948.9665956497192 1876.3859258890152 
55.9453449838734 -3.1850639997995023 N 55.9456449838734 -3.1850639997995023 1974.8005666732788 1986.5234152078629 
