55.944425 -3.188396 SSE 55.944147836140246 -3.1882811949702905 0.0 248.75 
55.944147836140246 -3.1882811949702905 S 55.94384783614024 -3.1882811949702905 0.0 247.5 
55.94384783614024 -3.1882811949702905 SSE 55.94357067228049 -3.188166389940581 104.51013946533203 338.50130462646484 
55.94357067228049 -3.188166389940581 ENE 55.9436854773102 -3.1878892260808276 168.52857208251953 382.8662986755371 
55.9436854773102 -3.1878892260808276 ENE 55.94380028233991 -3.187612062221074 233.07643127441406 463.1039161682129 
55.94380028233991 -3.187612062221074 SSW 55.94352311848015 -3.1877268672507837 233.07643127441406 461.8539161682129 
55.94352311848015 -3.1877268672507837 SSE 55.943245954620394 -3.187612062221074 233.07643127441406 460.6039161682129 
55.943245954620394 -3.187612062221074 SSW 55.94296879076064 -3.1877268672507837 284.56414794921875 485.93687629699707 
55.94296879076064 -3.1877268672507837 E 55.94296879076064 -3.1874268672507835 346.8075523376465 494.6183204650879 
55.94296879076064 -3.1874268672507835 NE 55.943180922794994 -3.1872147352164277 346.8075523376465 493.3683204650879 
55.943180922794994 -3.1872147352164277 NE 55.94339305482935 -3.187002603182072 346.8075523376465 492.1183204650879 
55.94339305482935 -3.187002603182072 ENE 55.94350785985906 -3.1867254393223186 346.8075523376465 490.8683204650879 
55.94350785985906 -3.1867254393223186 NNE 55.94378502371882 -3.186610634292609 346.8075523376465 489.6183204650879 
55.94378502371882 -3.186610634292609 N 55.94408502371882 -3.186610634292609 469.4326591491699 555.8302803039551 
55.94408502371882 -3.186610634292609 ENE 55.94419982874853 -3.1863334704328556 513.9029312133789 604.4732284545898 
55.94419982874853 -3.1863334704328556 SE 55.943987696714174 -3.1861213383985 513.9029312133789 603.2232284545898 
55.943987696714174 -3.1861213383985 ESE 55.943872891684464 -3.1858441745387465 569.2966003417969 653.0999908447266 
55.943872891684464 -3.1858441745387465 SSE 55.94359572782471 -3.185729369509037 569.2966003417969 651.8499908447266 
55.94359572782471 -3.185729369509037 SSE 55.94331856396495 -3.1856145644793274 569.2966003417969 650.5999908447266 
55.94331856396495 -3.1856145644793274 ESE 55.94320375893524 -3.185337400619574 633.2888450622559 715.944206237793 
55.94320375893524 -3.185337400619574 SSE 55.942926595075484 -3.1852225955898645 720.8945350646973 727.1854448318481 
55.942926595075484 -3.1852225955898645 SW 55.94271446304113 -3.1854347276242203 720.8945350646973 725.9354448318481 
55.94271446304113 -3.1854347276242203 W 55.94271446304113 -3.1857347276242205 821.642261505127 841.8322954177856 
55.94271446304113 -3.1857347276242205 NNE 55.942991626900884 -3.185619922594511 821.642261505127 840.5822954177856 
55.942991626900884 -3.185619922594511 NNE 55.94326879076064 -3.1855051175648015 821.642261505127 839.3322954177856 
55.94326879076064 -3.1855051175648015 NW 55.943480922795 -3.1857172495991573 821.642261505127 838.0822954177856 
55.943480922795 -3.1857172495991573 N 55.943780922795 -3.1857172495991573 821.642261505127 836.8322954177856 
55.943780922795 -3.1857172495991573 NE 55.943993054829356 -3.1855051175648015 821.642261505127 835.5822954177856 
55.943993054829356 -3.1855051175648015 NNE 55.94427021868911 -3.185390312535092 821.642261505127 834.3322954177856 
55.94427021868911 -3.185390312535092 NNE 55.94454738254887 -3.1852755075053825 916.9177360534668 893.6625680923462 
55.94454738254887 -3.1852755075053825 NE 55.944759514583225 -3.1850633754710267 955.3685493469238 930.1088609695435 
55.944759514583225 -3.1850633754710267 ESE 55.944644709553515 -3.1847862116112733 965.3580884933472 963.6513605117798 
55.944644709553515 -3.1847862116112733 NW 55.94485684158787 -3.184998343645629 965.3580884933472 962.4013605117798 
55.94485684158787 -3.184998343645629 WNW 55.94497164661758 -3.1852755075053825 965.3580884933472 961.1513605117798 
55.94497164661758 -3.1852755075053825 WNW 55.94508645164729 -3.185552671365136 965.3580884933472 959.9013605117798 
55.94508645164729 -3.185552671365136 WNW 55.945201256677 -3.1858298352248893 965.3580884933472 958.6513605117798 
55.945201256677 -3.1858298352248893 NW 55.94541338871136 -3.186041967259245 965.3580884933472 957.4013605117798 
55.94541338871136 -3.186041967259245 W 55.94541338871136 -3.1863419672592452 965.3580884933472 956.1513605117798 
55.94541338871136 -3.1863419672592452 NW 55.945625520745715 -3.186554099293601 965.3580884933472 954.9013605117798 
55.945625520745715 -3.186554099293601 N 55.94592552074572 -3.186554099293601 1035.356837272644 1006.079815864563 
55.94592552074572 -3.186554099293601 WSW 55.94581071571601 -3.1868312631533544 1035.356837272644 1004.829815864563 
55.94581071571601 -3.1868312631533544 WSW 55.9456959106863 -3.187108427013108 1035.356837272644 1003.579815864563 
55.9456959106863 -3.187108427013108 WSW 55.945581105656586 -3.187385590872861 1035.356837272644 1002.329815864563 
55.945581105656586 -3.187385590872861 WSW 55.945466300626876 -3.1876627547326146 1035.356837272644 1001.079815864563 
55.945466300626876 -3.1876627547326146 W 55.945466300626876 -3.187962754732615 1035.356837272644 999.829815864563 
55.945466300626876 -3.187962754732615 WSW 55.945351495597166 -3.188239918592368 1035.356837272644 998.579815864563 
55.945351495597166 -3.188239918592368 W 55.945351495597166 -3.1885399185923684 1035.356837272644 997.329815864563 
55.945351495597166 -3.1885399185923684 WSW 55.945236690567455 -3.188817082452122 1087.2846021652222 1044.4091844558716 
55.945236690567455 -3.188817082452122 SSW 55.9449595267077 -3.1889318874818313 1087.2846021652222 1043.1591844558716 
55.9449595267077 -3.1889318874818313 SW 55.94474739467334 -3.189144019516187 1087.2846021652222 1041.9091844558716 
55.94474739467334 -3.189144019516187 SSW 55.944470230813586 -3.1892588245458966 1129.8282690048218 1132.884991645813 
55.944470230813586 -3.1892588245458966 WSW 55.944355425783876 -3.18953598840565 1129.8282690048218 1131.634991645813 
55.944355425783876 -3.18953598840565 WSW 55.944240620754165 -3.1898131522654034 1241.3251943588257 1186.7697038650513 
55.944240620754165 -3.1898131522654034 S 55.94394062075416 -3.1898131522654034 1303.94597530365 1213.0447816848755 
55.94394062075416 -3.1898131522654034 E 55.94394062075416 -3.189513152265403 1303.94597530365 1211.7947816848755 
55.94394062075416 -3.189513152265403 SSE 55.943663456894406 -3.1893983472356937 1303.94597530365 1210.5447816848755 
55.943663456894406 -3.1893983472356937 SSW 55.94338629303465 -3.189513152265403 1305.934894323349 1264.4532976150513 
55.94338629303465 -3.189513152265403 SW 55.94317416100029 -3.189725284299759 1305.934894323349 1263.2032976150513 
55.94317416100029 -3.189725284299759 SSW 55.94289699714054 -3.1898400893294685 1377.9043843746185 1299.5364389419556 
55.94289699714054 -3.1898400893294685 WNW 55.94301180217025 -3.190117253189222 1487.9744908809662 1322.900185585022 
55.94301180217025 -3.190117253189222 E 55.94301180217025 -3.1898172531892217 1487.9744908809662 1321.650185585022 
55.94301180217025 -3.1898172531892217 ESE 55.94289699714054 -3.1895400893294683 1487.9744908809662 1320.400185585022 
55.94289699714054 -3.1895400893294683 ENE 55.94301180217025 -3.189262925469715 1554.1849477291107 1386.1539468765259 
55.94301180217025 -3.189262925469715 NW 55.9432239342046 -3.1894750575040707 1554.1849477291107 1384.9039468765259 
55.9432239342046 -3.1894750575040707 NW 55.94343606623896 -3.1896871895384264 1554.1849477291107 1383.6539468765259 
55.94343606623896 -3.1896871895384264 W 55.94343606623896 -3.1899871895384266 1554.1849477291107 1382.4039468765259 
55.94343606623896 -3.1899871895384266 W 55.94343606623896 -3.190287189538427 1554.1849477291107 1381.1539468765259 
55.94343606623896 -3.190287189538427 NNW 55.943713230098716 -3.1904019945681363 1554.1849477291107 1379.9039468765259 
55.943713230098716 -3.1904019945681363 NNW 55.94399039395847 -3.190516799597846 1554.1849477291107 1378.6539468765259 
55.94399039395847 -3.190516799597846 N 55.944290393958475 -3.190516799597846 1595.1706693172455 1393.219165802002 
55.944290393958475 -3.190516799597846 N 55.94459039395848 -3.190516799597846 1666.000411748886 1392.899291396141 
55.94459039395848 -3.190516799597846 WNW 55.94470519898819 -3.1907939634575992 1666.000411748886 1391.649291396141 
55.94470519898819 -3.1907939634575992 WSW 55.94459039395848 -3.1910711273173527 1703.6267812252045 1401.552424788475 
55.94459039395848 -3.1910711273173527 NW 55.944802525992834 -3.1912832593517084 1703.6267812252045 1400.302424788475 
55.944802525992834 -3.1912832593517084 N 55.94510252599284 -3.1912832593517084 1748.7139394283295 1467.6324418783188 
55.94510252599284 -3.1912832593517084 WSW 55.94498772096313 -3.191560423211462 1748.7139394283295 1466.3824418783188 
55.94498772096313 -3.191560423211462 WSW 55.944872915933416 -3.1918375870712152 1748.7139394283295 1465.1324418783188 
55.944872915933416 -3.1918375870712152 SW 55.94466078389906 -3.192049719105571 1857.3950307369232 1497.3357194662094 
55.94466078389906 -3.192049719105571 S 55.94436078389906 -3.192049719105571 1857.3950307369232 1496.0857194662094 
55.94436078389906 -3.192049719105571 SE 55.9441486518647 -3.1918375870712152 1857.3950307369232 1494.8357194662094 
55.9441486518647 -3.1918375870712152 ESE 55.94403384683499 -3.191560423211462 1979.0448796749115 1526.2447007894516 
55.94403384683499 -3.191560423211462 W 55.94403384683499 -3.191860423211462 1979.0448796749115 1524.9947007894516 
55.94403384683499 -3.191860423211462 NNW 55.94431101069475 -3.1919752282411715 1979.0448796749115 1523.7447007894516 
55.94431101069475 -3.1919752282411715 N 55.94461101069475 -3.1919752282411715 1979.0448796749115 1522.4947007894516 
55.94461101069475 -3.1919752282411715 N 55.94491101069475 -3.1919752282411715 1979.0448796749115 1521.2447007894516 
55.94491101069475 -3.1919752282411715 NNE 55.94518817455451 -3.191860423211462 1979.0448796749115 1519.9947007894516 
55.94518817455451 -3.191860423211462 N 55.94548817455451 -3.191860423211462 1979.0448796749115 1518.7447007894516 
55.94548817455451 -3.191860423211462 N 55.945788174554515 -3.191860423211462 1979.0448796749115 1517.4947007894516 
55.945788174554515 -3.191860423211462 N 55.94608817455452 -3.191860423211462 2011.7645757198334 1531.1063760519028 
55.94608817455452 -3.191860423211462 W 55.94608817455452 -3.192160423211462 2078.7328145504 1588.2962869405746 
55.94608817455452 -3.192160423211462 ESE 55.94597336952481 -3.191883259351709 2078.7328145504 1587.0462869405746 
55.94597336952481 -3.191883259351709 E 55.94597336952481 -3.1915832593517086 2078.7328145504 1585.7962869405746 
55.94597336952481 -3.1915832593517086 E 55.94597336952481 -3.1912832593517084 2078.7328145504 1584.5462869405746 
55.94597336952481 -3.1912832593517084 E 55.94597336952481 -3.1909832593517082 2078.7328145504 1583.2962869405746 
55.94597336952481 -3.1909832593517082 E 55.94597336952481 -3.190683259351708 2078.7328145504 1582.0462869405746 
55.94597336952481 -3.190683259351708 E 55.94597336952481 -3.190383259351708 2078.7328145504 1580.7962869405746 
55.94597336952481 -3.190383259351708 ESE 55.9458585644951 -3.1901060954919545 2078.7328145504 1579.5462869405746 
55.9458585644951 -3.1901060954919545 ENE 55.94597336952481 -3.189828931632201 2137.4634511470795 1640.2519792318344 
