55.944425 -3.188396 SSE 55.944147836140246 -3.1882811949702905 0.0 248.75 
N 55.94444783614025 -3.1882811949702905 63.775421142578125 247.8231837451458 
55.94444783614025 -3.1882811949702905 SW 55.94423570410589 -3.1884933270046463 63.775421142578125 246.5731837451458 
SSW 55.943958540246136 -3.188608132034356 155.93335723876953 358.96557876467705 
55.943958540246136 -3.188608132034356 SSE 55.94368137638638 -3.1884933270046463 249.44017791748047 464.422350615263 
55.94368137638638 -3.1884933270046463 SE 55.94346924435202 -3.1882811949702905 249.44017791748047 463.172350615263 
ESE 55.94335443932231 -3.188004031110537 331.79540252685547 572.2591807544231 
55.94335443932231 -3.188004031110537 SE 55.94314230728796 -3.1877918990761813 331.79540252685547 571.0091807544231 
N 55.94344230728796 -3.1877918990761813 367.33777236938477 627.2041690051556 
55.94344230728796 -3.1877918990761813 N 55.94374230728796 -3.1877918990761813 453.0448417663574 694.1759402453899 
55.94374230728796 -3.1877918990761813 NNE 55.94401947114772 -3.187677094046472 453.0448417663574 692.9259402453899 
N 55.94431947114772 -3.187677094046472 494.9026756286621 766.2910830676556 
55.94431947114772 -3.187677094046472 ENE 55.94443427617743 -3.1873999301867184 494.9026756286621 765.0410830676556 
NE 55.94464640821179 -3.1871877981523626 589.8809394836426 813.6596629321575 
55.94464640821179 -3.1871877981523626 S 55.944346408211786 -3.1871877981523626 589.8809394836426 812.4096629321575 
SW 55.94413427617743 -3.1873999301867184 589.8809394836426 811.1596629321575 
S 55.94383427617743 -3.1873999301867184 589.8809394836426 809.9096629321575 
ESE 55.943719471147716 -3.187122766326965 641.4504280090332 909.0407359302044 
55.943719471147716 -3.187122766326965 SSW 55.94344230728796 -3.1872375713566745 641.4504280090332 907.7907359302044 
SSW 55.9431651434282 -3.187352376386384 641.4504280090332 906.5407359302044 
S 55.9428651434282 -3.187352376386384 677.016056060791 947.4012705981731 
55.9428651434282 -3.187352376386384 SW 55.942653011393844 -3.18756450842074 762.6239280700684 951.6353280246258 
55.942653011393844 -3.18756450842074 ENE 55.942767816423554 -3.1872873445609864 762.6239280700684 950.3853280246258 
NE 55.94297994845791 -3.1870752125266306 762.6239280700684 949.1353280246258 
NNE 55.94325711231767 -3.186960407496921 762.6239280700684 947.8853280246258 
ENE 55.94337191734738 -3.1866832436371677 762.6239280700684 946.6353280246258 
ENE 55.94348672237709 -3.1864060797774143 762.6239280700684 945.3853280246258 
NNE 55.943763886236844 -3.186291274747705 839.2142524719238 966.9133736789227 
55.943763886236844 -3.186291274747705 ENE 55.943878691266555 -3.1860141108879514 915.9282112121582 1084.255849570036 
55.943878691266555 -3.1860141108879514 NNE 55.94415585512631 -3.185899305858242 915.9282112121582 1083.005849570036 
NNE 55.94443301898607 -3.1857845008285324 937.1439933776855 1097.8430497348309 
55.94443301898607 -3.1857845008285324 NNE 55.944710182845824 -3.185669695798823 937.1439933776855 1096.5930497348309 
NE 55.94492231488018 -3.185457563764467 937.1439933776855 1095.3430497348309 
NNE 55.94519947873994 -3.1853427587347576 1006.5165214538574 1155.4733712375164 
55.94519947873994 -3.1853427587347576 NNW 55.945476642599694 -3.185457563764467 1006.5165214538574 1154.2233712375164 
N 55.9457766425997 -3.185457563764467 1080.1212272644043 1177.0004384219646 
55.9457766425997 -3.185457563764467 SSE 55.94549947873994 -3.1853427587347576 1080.1212272644043 1175.7504384219646 
SSE 55.94522231488018 -3.185227953705048 1080.1212272644043 1174.5004384219646 
SSE 55.94494515102043 -3.1851131486753386 1080.1212272644043 1173.2504384219646 
SSE 55.94466798716067 -3.184998343645629 1080.1212272644043 1172.0004384219646 
SSE 55.944390823300914 -3.1848835386159196 1080.1212272644043 1170.7504384219646 
SE 55.94417869126656 -3.184671406581564 1080.1212272644043 1169.5004384219646 
SSE 55.9439015274068 -3.1845566015518543 1197.9916038513184 1245.372859686613 
55.9439015274068 -3.1845566015518543 S 55.9436015274068 -3.1845566015518543 1197.9916038513184 1244.122859686613 
SSE 55.94332436354704 -3.1844417965221448 1197.9916038513184 1242.872859686613 
SSE 55.943047199687285 -3.1843269914924353 1232.491340637207 1339.5696294009686 
55.943047199687285 -3.1843269914924353 NW 55.94325933172164 -3.184539123526791 1232.491340637207 1338.3196294009686 
NW 55.943471463756 -3.184751255561147 1232.491340637207 1337.0696294009686 
NW 55.943683595790354 -3.1849633875955026 1232.491340637207 1335.8196294009686 
NW 55.94389572782471 -3.1851755196298583 1232.491340637207 1334.5696294009686 
NW 55.944107859859066 -3.185387651664214 1232.491340637207 1333.3196294009686 
NW 55.94431999189342 -3.18559978369857 1232.491340637207 1332.0696294009686 
NW 55.94453212392778 -3.1858119157329257 1232.491340637207 1330.8196294009686 
NW 55.944744255962135 -3.1860240477672814 1232.491340637207 1329.5696294009686 
NW 55.94495638799649 -3.186236179801637 1232.491340637207 1328.3196294009686 
WNW 55.9450711930262 -3.1865133436613906 1232.491340637207 1327.0696294009686 
NW 55.94528332506056 -3.1867254756957464 1232.491340637207 1325.8196294009686 
WNW 55.94539813009027 -3.1870026395555 1232.491340637207 1324.5696294009686 
NW 55.945610262124625 -3.1872147715898556 1232.491340637207 1323.3196294009686 
WNW 55.945725067154335 -3.187491935449609 1232.491340637207 1322.0696294009686 
NW 55.94593719918869 -3.1877040674839647 1232.491340637207 1320.8196294009686 
W 55.94593719918869 -3.188004067483965 1249.3796043395996 1409.207576483488 
55.94593719918869 -3.188004067483965 NW 55.94614933122305 -3.1882161995183207 1276.3752899169922 1413.696589678526 
55.94614933122305 -3.1882161995183207 S 55.945849331223044 -3.1882161995183207 1276.3752899169922 1412.446589678526 
WSW 55.945734526193334 -3.188493363378074 1379.0328369140625 1490.9592773616314 
55.945734526193334 -3.188493363378074 W 55.945734526193334 -3.1887933633780743 1379.0328369140625 1489.7092773616314 
SSW 55.94545736233358 -3.188908168407784 1379.0328369140625 1488.4592773616314 
SSW 55.94518019847382 -3.1890229734374933 1379.0328369140625 1487.2092773616314 
SSW 55.944903034614065 -3.189137778467203 1486.9142150878906 1511.2244636714458 
55.944903034614065 -3.189137778467203 WSW 55.944788229584354 -3.189414942326956 1486.9142150878906 1509.9744636714458 
WSW 55.944673424554644 -3.1896921061867096 1516.1624584197998 1519.5932743251324 
55.944673424554644 -3.1896921061867096 W 55.944673424554644 -3.18999210618671 1516.1624584197998 1518.3432743251324 
WSW 55.94455861952493 -3.190269270046463 1622.0030193328857 1625.1770908534527 
55.94455861952493 -3.190269270046463 W 55.94455861952493 -3.1905692700464634 1622.0030193328857 1623.9270908534527 
WSW 55.94444381449522 -3.190846433906217 1694.807622909546 1624.747610539198 
55.94444381449522 -3.190846433906217 N 55.944743814495226 -3.190846433906217 1701.216248035431 1742.6429810225964 
55.944743814495226 -3.190846433906217 NNE 55.94502097835498 -3.1907316288765073 1701.216248035431 1741.3929810225964 
N 55.945320978354985 -3.1907316288765073 1723.3060555458069 1774.966619938612 
55.945320978354985 -3.1907316288765073 NNE 55.94559814221474 -3.190616823846798 1723.3060555458069 1773.716619938612 
NE 55.9458102742491 -3.190404691812442 1723.3060555458069 1772.466619938612 
NE 55.946022406283454 -3.1901925597780862 1825.0265755653381 1889.018263310194 
55.946022406283454 -3.1901925597780862 WSW 55.945907601253744 -3.1904697236378396 1825.0265755653381 1887.768263310194 
WSW 55.94579279622403 -3.190746887497593 1825.0265755653381 1886.518263310194 
WSW 55.94567799119432 -3.1910240513573465 1825.0265755653381 1885.268263310194 
WSW 55.94556318616461 -3.1913012152171 1825.0265755653381 1884.018263310194 
WSW 55.9454483811349 -3.1915783790768533 1825.0265755653381 1882.768263310194 
SW 55.945236249100546 -3.191790511111209 1829.4315719604492 1996.4590744674206 
55.945236249100546 -3.191790511111209 WSW 55.945121444070836 -3.1920676749709624 1883.6892547607422 2036.9237618148327 
55.945121444070836 -3.1920676749709624 NW 55.94533357610519 -3.192279807005318 1919.0442008972168 2061.9106716811657 
55.94533357610519 -3.192279807005318 ESE 55.94521877107548 -3.192002643145565 1919.0442008972168 2060.6606716811657 
SE 55.945006639041125 -3.191790511111209 1919.0442008972168 2059.4106716811657 
SE 55.94479450700677 -3.1915783790768533 1919.0442008972168 2058.1606716811657 
ESE 55.94467970197706 -3.1913012152171 1919.0442008972168 2056.9106716811657 
SE 55.9444675699427 -3.191089083182744 1919.0442008972168 2055.6606716811657 
SE 55.944255437908346 -3.1908769511483883 1919.0442008972168 2054.4106716811657 
SE 55.94404330587399 -3.1906648191140325 1928.5348348617554 2102.863186329603 
55.94404330587399 -3.1906648191140325 ESE 55.94392850084428 -3.190387655254279 1928.5348348617554 2101.613186329603 
ESE 55.94381369581457 -3.1901104913945257 1928.5348348617554 2100.363186329603 
ENE 55.94392850084428 -3.1898333275347723 1997.052695274353 2119.3173393905163 
55.94392850084428 -3.1898333275347723 SSW 55.94365133698452 -3.189948132564482 1997.052695274353 2118.0673393905163 
SSW 55.94337417312477 -3.1900629375941914 1997.052695274353 2116.8173393905163 
S 55.943074173124764 -3.1900629375941914 1997.052695274353 2115.5673393905163 
SSE 55.94279700926501 -3.189948132564482 2012.0890550613403 2167.7166886031628 
55.94279700926501 -3.189948132564482 W 55.94279700926501 -3.190248132564482 2012.0890550613403 2166.4666886031628 
W 55.94279700926501 -3.190548132564482 2012.0890550613403 2165.2166886031628 
W 55.94279700926501 -3.1908481325644824 2012.0890550613403 2163.9666886031628 
WSW 55.9426822042353 -3.191125296424236 2039.88321018219 2258.289503544569 
55.9426822042353 -3.191125296424236 W 55.9426822042353 -3.191425296424236 2039.88321018219 2257.039503544569 
W 55.9426822042353 -3.191725296424236 2039.88321018219 2255.789503544569 
W 55.9426822042353 -3.1920252964242364 2136.1936655044556 2344.1781220138073 
