55.944425 -3.188396 SSW 55.944147836140246 -3.1885108050297095 0.0 248.75 
S 55.94384783614024 -3.1885108050297095 96.72607421875 273.14046478271484 
55.94384783614024 -3.1885108050297095 SW 55.94363570410589 -3.1887229370640653 139.19590377807617 325.9748115539551 
55.94363570410589 -3.1887229370640653 W 55.94363570410589 -3.1890229370640655 139.19590377807617 324.7248115539551 
WSW 55.94352089907618 -3.189300100923819 221.42543411254883 331.86084175109863 
55.94352089907618 -3.189300100923819 S 55.943220899076174 -3.189300100923819 221.42543411254883 330.61084175109863 
S 55.94292089907617 -3.189300100923819 339.07236099243164 357.2139129638672 
55.94292089907617 -3.189300100923819 E 55.94292089907617 -3.1890001009238187 339.07236099243164 355.9639129638672 
E 55.94292089907617 -3.1887001009238185 339.07236099243164 354.7139129638672 
ENE 55.94303570410588 -3.188422937064065 364.3934135437012 455.4825668334961 
55.94303570410588 -3.188422937064065 E 55.94303570410588 -3.188122937064065 368.4849638938904 466.2159938812256 
55.94303570410588 -3.188122937064065 N 55.943335704105884 -3.188122937064065 386.62489652633667 479.5415630340576 
55.943335704105884 -3.188122937064065 SE 55.94312357207153 -3.187910805029709 386.62489652633667 478.2915630340576 
SE 55.94291144003717 -3.1876986729953534 386.62489652633667 477.0415630340576 
ENE 55.94302624506688 -3.1874215091356 478.93302488327026 569.8646450042725 
55.94302624506688 -3.1874215091356 NE 55.94323837710124 -3.187209377101244 478.93302488327026 568.6146450042725 
N 55.94353837710124 -3.187209377101244 577.9557223320007 674.6074886322021 
55.94353837710124 -3.187209377101244 ESE 55.94342357207153 -3.186932213241491 577.9557223320007 673.3574886322021 
ESE 55.94330876704182 -3.1866550493817374 601.2564616203308 739.9144039154053 
55.94330876704182 -3.1866550493817374 ESE 55.94319396201211 -3.186377885521984 601.2564616203308 738.6644039154053 
E 55.94319396201211 -3.186077885521984 720.67875623703 832.8097743988037 
55.94319396201211 -3.186077885521984 NNW 55.943471125871866 -3.1861926905516933 720.67875623703 831.5597743988037 
N 55.94377112587187 -3.1861926905516933 720.67875623703 830.3097743988037 
NE 55.943983257906226 -3.1859805585173375 722.8559596538544 883.3745288848877 
55.943983257906226 -3.1859805585173375 N 55.94428325790623 -3.1859805585173375 830.9928615093231 962.03000831604 
55.94428325790623 -3.1859805585173375 ENE 55.94439806293594 -3.185703394657584 866.1030185222626 964.0907571315765 
55.94439806293594 -3.185703394657584 NE 55.944610194970295 -3.1854912626232283 967.8298480510712 1072.1335961818695 
55.944610194970295 -3.1854912626232283 E 55.944610194970295 -3.185191262623228 967.8298480510712 1070.8835961818695 
ENE 55.944725000000005 -3.1849140987634748 1083.5117251873016 1118.9155824184418 
55.944725000000005 -3.1849140987634748 NE 55.94493713203436 -3.184701966729119 1083.5117251873016 1117.6655824184418 
N 55.945237132034364 -3.184701966729119 1115.298868894577 1146.5114209651947 
55.945237132034364 -3.184701966729119 W 55.945237132034364 -3.185001966729119 1118.4378244876862 1186.2253262996674 
55.945237132034364 -3.185001966729119 NE 55.94544926406872 -3.1847898346947634 1118.4378244876862 1184.9753262996674 
N 55.94574926406872 -3.1847898346947634 1138.438900232315 1231.2902104854584 
55.94574926406872 -3.1847898346947634 NE 55.94596139610308 -3.1845777026604076 1220.213886499405 1349.422458410263 
55.94596139610308 -3.1845777026604076 NE 55.946173528137436 -3.184365570626052 1247.2481863498688 1380.808528661728 
55.946173528137436 -3.184365570626052 W 55.946173528137436 -3.184665570626052 1247.2481863498688 1379.558528661728 
WSW 55.946058723107726 -3.1849427344858054 1247.2481863498688 1378.308528661728 
WSW 55.945943918078015 -3.185219898345559 1247.2481863498688 1377.058528661728 
W 55.945943918078015 -3.185519898345559 1247.2481863498688 1375.808528661728 
W 55.945943918078015 -3.1858198983455592 1247.2481863498688 1374.558528661728 
SW 55.94573178604366 -3.186032030379915 1366.5295736789703 1491.5014073848724 
55.94573178604366 -3.186032030379915 WNW 55.94584659107337 -3.1863091942396684 1366.5295736789703 1490.2514073848724 
WNW 55.94596139610308 -3.186586358099422 1366.5295736789703 1489.0014073848724 
WNW 55.94607620113279 -3.186863521959175 1366.5295736789703 1487.7514073848724 
WSW 55.94596139610308 -3.1871406858189286 1391.3781168460846 1544.287261724472 
55.94596139610308 -3.1871406858189286 SW 55.94574926406872 -3.1873528178532844 1391.3781168460846 1543.037261724472 
SSW 55.94547210020897 -3.187467622882994 1391.3781168460846 1541.787261724472 
SW 55.94525996817461 -3.1876797549173497 1391.3781168460846 1540.537261724472 
S 55.94495996817461 -3.1876797549173497 1468.6780893802643 1650.987327337265 
55.94495996817461 -3.1876797549173497 SSE 55.94468280431485 -3.18756494988764 1472.966008901596 1654.2769639492035 
55.94468280431485 -3.18756494988764 NW 55.94489493634921 -3.187777081921996 1472.966008901596 1653.0269639492035 
W 55.94489493634921 -3.188077081921996 1538.887998342514 1772.0233399868011 
55.94489493634921 -3.188077081921996 WNW 55.94500974137892 -3.1883542457817495 1538.887998342514 1770.7733399868011 
WSW 55.94489493634921 -3.188631409641503 1633.5254266262054 1803.822740316391 
55.94489493634921 -3.188631409641503 W 55.94489493634921 -3.188931409641503 1633.5254266262054 1802.572740316391 
W 55.94489493634921 -3.1892314096415033 1633.5254266262054 1801.322740316391 
SW 55.94468280431485 -3.189443541675859 1717.065229177475 1850.1626145839691 
55.94468280431485 -3.189443541675859 NW 55.94489493634921 -3.189655673710215 1717.065229177475 1848.9126145839691 
NW 55.945107068383564 -3.1898678057445706 1717.065229177475 1847.6626145839691 
NW 55.94531920041792 -3.1900799377789264 1717.065229177475 1846.4126145839691 
NW 55.945531332452276 -3.190292069813282 1717.065229177475 1845.1626145839691 
WNW 55.94564613748199 -3.1905692336730356 1811.3022210597992 1882.07869887352 
55.94564613748199 -3.1905692336730356 N 55.94594613748199 -3.1905692336730356 1933.9818933010101 1919.3116204738617 
55.94594613748199 -3.1905692336730356 WSW 55.94583133245228 -3.190846397532789 1933.9818933010101 1918.0616204738617 
SW 55.94561920041792 -3.1910585295671448 2008.1400125026703 1966.8621385097504 
55.94561920041792 -3.1910585295671448 S 55.94531920041792 -3.1910585295671448 2008.1400125026703 1965.6121385097504 
S 55.94501920041792 -3.1910585295671448 2061.0122849941254 2053.216249227524 
55.94501920041792 -3.1910585295671448 SW 55.94480706838356 -3.1912706616015005 2061.0122849941254 2051.966249227524 
SW 55.944594936349205 -3.1914827936358563 2061.0122849941254 2050.716249227524 
SSW 55.94431777248945 -3.191597598665566 2157.8167436122894 2168.9917085170746 
55.94431777248945 -3.191597598665566 NNW 55.944594936349205 -3.1917124036952753 2157.8167436122894 2167.7417085170746 
N 55.94489493634921 -3.1917124036952753 2157.8167436122894 2166.4917085170746 
NNW 55.945172100208964 -3.191827208724985 2157.8167436122894 2165.2417085170746 
N 55.94547210020897 -3.191827208724985 2265.270166158676 2203.1860978603363 
55.94547210020897 -3.191827208724985 W 55.94547210020897 -3.192127208724985 2265.270166158676 2201.9360978603363 
SW 55.94525996817461 -3.192339340759341 2385.840005636215 2260.95890212059 
55.94525996817461 -3.192339340759341 S 55.94495996817461 -3.192339340759341 2385.840005636215 2259.70890212059 
S 55.944659968174605 -3.192339340759341 2385.840005636215 2258.45890212059 
S 55.9443599681746 -3.192339340759341 2385.840005636215 2257.20890212059 
S 55.9440599681746 -3.192339340759341 2385.840005636215 2255.95890212059 
S 55.9437599681746 -3.192339340759341 2385.840005636215 2254.70890212059 
S 55.943459968174594 -3.192339340759341 2385.840005636215 2253.45890212059 
SSE 55.94318280431484 -3.1922245357296313 2456.343866109848 2340.1303803920746 
55.94318280431484 -3.1922245357296313 ENE 55.94329760934455 -3.191947371869878 2456.343866109848 2338.8803803920746 
ENE 55.94341241437426 -3.1916702080101245 2456.343866109848 2337.6303803920746 
ENE 55.94352721940397 -3.191393044150371 2456.343866109848 2336.3803803920746 
E 55.94352721940397 -3.191093044150371 2456.343866109848 2335.1303803920746 
ESE 55.94341241437426 -3.1908158802906175 2456.343866109848 2333.8803803920746 
ENE 55.94352721940397 -3.190538716430864 2456.343866109848 2332.6303803920746 
ENE 55.94364202443368 -3.1902615525711107 2456.343866109848 2331.3803803920746 
ENE 55.94375682946339 -3.1899843887113573 2456.343866109848 2330.1303803920746 
ENE 55.9438716344931 -3.189707224851604 2456.343866109848 2328.8803803920746 
E 55.9438716344931 -3.1894072248516037 2456.343866109848 2327.6303803920746 
ENE 55.94398643952281 -3.1891300609918503 2456.343866109848 2326.3803803920746 
E 55.94398643952281 -3.18883006099185 2456.343866109848 2325.1303803920746 
ENE 55.94410124455252 -3.1885528971320967 2456.343866109848 2323.8803803920746 
E 55.94410124455252 -3.1882528971320965 2456.343866109848 2322.6303803920746 
ENE 55.94421604958223 -3.187975733272343 2456.343866109848 2321.3803803920746 
E 55.94421604958223 -3.187675733272343 2456.343866109848 2320.1303803920746 
ENE 55.94433085461194 -3.1873985694125895 2456.343866109848 2318.8803803920746 
E 55.94433085461194 -3.1870985694125893 2456.343866109848 2317.6303803920746 
NE 55.9445429866463 -3.1868864373782335 2492.088308095932 2325.3503119945526 
