55.944425 -3.188396 W 55.944425 -3.188696 17.967178344726562 307.61384201049805 
55.944425 -3.188696 SSW 55.944147836140246 -3.1888108050297097 89.70792388916016 397.23415756225586 
55.944147836140246 -3.1888108050297097 SE 55.94393570410589 -3.188598672995354 89.70792388916016 395.98415756225586 
55.94393570410589 -3.188598672995354 ESE 55.94382089907618 -3.1883215091356005 89.70792388916016 394.73415756225586 
55.94382089907618 -3.1883215091356005 E 55.94382089907618 -3.1880215091356003 106.04551315307617 514.9274940490723 
55.94382089907618 -3.1880215091356003 NNE 55.944098062935936 -3.187906704105891 106.04551315307617 513.6774940490723 
55.944098062935936 -3.187906704105891 N 55.94439806293594 -3.187906704105891 207.44067001342773 569.6295394897461 
55.94439806293594 -3.187906704105891 SE 55.94418593090158 -3.187694572071535 207.44067001342773 568.3795394897461 
55.94418593090158 -3.187694572071535 SE 55.943973798867226 -3.1874824400371793 207.44067001342773 567.1295394897461 
55.943973798867226 -3.1874824400371793 SSE 55.94369663500747 -3.18736763500747 207.44067001342773 565.8795394897461 
55.94369663500747 -3.18736763500747 E 55.94369663500747 -3.1870676350074696 230.39601707458496 621.0722274780273 
55.94369663500747 -3.1870676350074696 SSE 55.94341947114771 -3.18695282997776 230.39601707458496 619.8222274780273 
55.94341947114771 -3.18695282997776 SE 55.94320733911336 -3.1867406979434043 284.9458522796631 683.6887054443359 
55.94320733911336 -3.1867406979434043 E 55.94320733911336 -3.186440697943404 284.9458522796631 682.4387054443359 
55.94320733911336 -3.186440697943404 E 55.94320733911336 -3.186140697943404 284.9458522796631 681.1887054443359 
55.94320733911336 -3.186140697943404 E 55.94320733911336 -3.1858406979434037 336.1370143890381 804.6288375854492 
55.94320733911336 -3.1858406979434037 ESE 55.94309253408365 -3.1855635340836503 336.1370143890381 803.3788375854492 
55.94309253408365 -3.1855635340836503 ENE 55.94320733911336 -3.185286370223897 359.070764541626 822.0135383605957 
55.94320733911336 -3.185286370223897 ENE 55.94332214414307 -3.1850092063641435 359.070764541626 820.7635383605957 
55.94332214414307 -3.1850092063641435 NE 55.943534276177424 -3.1847970743297878 371.8720283508301 898.0031623840332 
55.943534276177424 -3.1847970743297878 NNW 55.94381144003718 -3.1849118793594973 371.8720283508301 896.7531623840332 
55.94381144003718 -3.1849118793594973 WNW 55.94392624506689 -3.1851890432192507 483.9747657775879 897.1908367872238 
55.94392624506689 -3.1851890432192507 WNW 55.9440410500966 -3.185466207079004 483.9747657775879 895.9408367872238 
55.9440410500966 -3.185466207079004 W 55.9440410500966 -3.1857662070790043 602.1269569396973 968.1675366163254 
55.9440410500966 -3.1857662070790043 WSW 55.94392624506689 -3.1860433709387577 602.1269569396973 966.9175366163254 
55.94392624506689 -3.1860433709387577 WNW 55.9440410500966 -3.186320534798511 602.1269569396973 965.6675366163254 
55.9440410500966 -3.186320534798511 NW 55.94425318213096 -3.186532666832867 624.774206161499 1038.002291560173 
55.94425318213096 -3.186532666832867 N 55.94455318213096 -3.186532666832867 624.774206161499 1036.752291560173 
55.94455318213096 -3.186532666832867 N 55.94485318213096 -3.186532666832867 624.774206161499 1035.502291560173 
55.94485318213096 -3.186532666832867 NNE 55.94513034599072 -3.1864178618031573 624.774206161499 1034.252291560173 
55.94513034599072 -3.1864178618031573 N 55.94543034599072 -3.1864178618031573 624.774206161499 1033.002291560173 
55.94543034599072 -3.1864178618031573 N 55.945730345990725 -3.1864178618031573 660.8774700164795 1069.6034115552902 
55.945730345990725 -3.1864178618031573 W 55.945730345990725 -3.1867178618031575 660.8774700164795 1068.3534115552902 
55.945730345990725 -3.1867178618031575 W 55.945730345990725 -3.1870178618031577 692.8909664154053 1078.7094925642014 
55.945730345990725 -3.1870178618031577 W 55.945730345990725 -3.187317861803158 692.8909664154053 1077.4594925642014 
55.945730345990725 -3.187317861803158 W 55.945730345990725 -3.187617861803158 692.8909664154053 1076.2094925642014 
55.945730345990725 -3.187617861803158 W 55.945730345990725 -3.1879178618031583 692.8909664154053 1074.9594925642014 
55.945730345990725 -3.1879178618031583 SW 55.94551821395637 -3.188129993837514 801.0164089202881 1147.4324616193771 
55.94551821395637 -3.188129993837514 WNW 55.94563301898608 -3.1884071576972675 864.1197490692139 1172.6043194532394 
55.94563301898608 -3.1884071576972675 SW 55.94542088695172 -3.1886192897316232 910.3769512176514 1217.3914746046066 
55.94542088695172 -3.1886192897316232 N 55.945720886951726 -3.1886192897316232 910.3769512176514 1216.1414746046066 
55.945720886951726 -3.1886192897316232 N 55.94602088695173 -3.1886192897316232 931.5849075317383 1322.6191891431808 
55.94602088695173 -3.1886192897316232 SW 55.94580875491737 -3.188831421765979 931.5849075317383 1321.3691891431808 
55.94580875491737 -3.188831421765979 WSW 55.94569394988766 -3.1891085856257324 931.5849075317383 1320.1191891431808 
55.94569394988766 -3.1891085856257324 SW 55.945481817853306 -3.189320717660088 931.5849075317383 1318.8691891431808 
55.945481817853306 -3.189320717660088 SSW 55.94520465399355 -3.1894355226897977 1049.2259140014648 1367.7659100294113 
55.94520465399355 -3.1894355226897977 WNW 55.94531945902326 -3.189712686549551 1049.2259140014648 1366.5159100294113 
55.94531945902326 -3.189712686549551 WNW 55.94543426405297 -3.1899898504093045 1049.2259140014648 1365.2659100294113 
55.94543426405297 -3.1899898504093045 W 55.94543426405297 -3.1902898504093047 1158.4947891235352 1381.4391564130783 
55.94543426405297 -3.1902898504093047 W 55.94543426405297 -3.190589850409305 1158.4947891235352 1380.1891564130783 
55.94543426405297 -3.190589850409305 NW 55.94564639608733 -3.1908019824436606 1257.0714645385742 1467.8721398115158 
55.94564639608733 -3.1908019824436606 WSW 55.945531591057616 -3.191079146303414 1308.3234672546387 1586.604996562004 
55.945531591057616 -3.191079146303414 W 55.945531591057616 -3.1913791463034142 1332.818588256836 1681.464714884758 
55.945531591057616 -3.1913791463034142 W 55.945531591057616 -3.1916791463034144 1391.7782859802246 1688.461369395256 
55.945531591057616 -3.1916791463034144 WNW 55.94564639608733 -3.191956310163168 1391.7782859802246 1687.211369395256 
55.94564639608733 -3.191956310163168 W 55.94564639608733 -3.192256310163168 1499.08931350708 1718.6131867170334 
55.94564639608733 -3.192256310163168 N 55.94594639608733 -3.192256310163168 1527.8807525634766 1839.1195954084396 
55.94594639608733 -3.192256310163168 SE 55.94573426405297 -3.1920441781288122 1527.8807525634766 1837.8695954084396 
55.94573426405297 -3.1920441781288122 SSE 55.94545710019322 -3.1919293730991027 1527.8807525634766 1836.6195954084396 
55.94545710019322 -3.1919293730991027 SE 55.94524496815886 -3.191717241064747 1527.8807525634766 1835.3695954084396 
55.94524496815886 -3.191717241064747 SSE 55.944967804299104 -3.1916024360350375 1527.8807525634766 1834.1195954084396 
55.944967804299104 -3.1916024360350375 SE 55.94475567226475 -3.1913903040006817 1527.8807525634766 1832.8695954084396 
55.94475567226475 -3.1913903040006817 SSE 55.94447850840499 -3.191275498970972 1527.8807525634766 1831.6195954084396 
55.94447850840499 -3.191275498970972 ESE 55.94436370337528 -3.1909983351112188 1649.3474807739258 1866.0237740278244 
55.94436370337528 -3.1909983351112188 E 55.94436370337528 -3.1906983351112186 1705.720359802246 1871.1058849096298 
55.94436370337528 -3.1906983351112186 E 55.94436370337528 -3.1903983351112184 1819.679313659668 1935.226276755333 
55.94436370337528 -3.1903983351112184 S 55.94406370337528 -3.1903983351112184 1827.0644068717957 1959.6628993749619 
55.94406370337528 -3.1903983351112184 ESE 55.94394889834557 -3.190121171251465 1855.8508048057556 2061.692844748497 
55.94394889834557 -3.190121171251465 SE 55.94373676631121 -3.189909039217109 1855.8508048057556 2060.442844748497 
55.94373676631121 -3.189909039217109 SE 55.943524634276855 -3.1896969071827534 1855.8508048057556 2059.192844748497 
55.943524634276855 -3.1896969071827534 ESE 55.943409829247145 -3.189419743323 1855.8508048057556 2057.942844748497 
55.943409829247145 -3.189419743323 ESE 55.943295024217434 -3.1891425794632466 1855.8508048057556 2056.692844748497 
55.943295024217434 -3.1891425794632466 SE 55.94308289218308 -3.188930447428891 1934.970868587494 2151.9780238866806 
55.94308289218308 -3.188930447428891 SW 55.94287076014872 -3.1891425794632466 1934.970868587494 2150.7280238866806 
55.94287076014872 -3.1891425794632466 WSW 55.94275595511901 -3.189419743323 1934.970868587494 2149.4780238866806 
55.94275595511901 -3.189419743323 W 55.94275595511901 -3.1897197433230002 1934.970868587494 2148.2280238866806 
55.94275595511901 -3.1897197433230002 W 55.94275595511901 -3.1900197433230004 1934.970868587494 2146.9780238866806 
55.94275595511901 -3.1900197433230004 W 55.94275595511901 -3.1903197433230006 1934.970868587494 2145.7280238866806 
55.94275595511901 -3.1903197433230006 W 55.94275595511901 -3.190619743323001 1934.970868587494 2144.4780238866806 
55.94275595511901 -3.190619743323001 WNW 55.94287076014872 -3.190896907182754 1934.970868587494 2143.2280238866806 
55.94287076014872 -3.190896907182754 W 55.94287076014872 -3.1911969071827544 1934.970868587494 2141.9780238866806 
55.94287076014872 -3.1911969071827544 WSW 55.94275595511901 -3.191474071042508 1963.162383556366 2233.1603053808212 
55.94275595511901 -3.191474071042508 W 55.94275595511901 -3.191774071042508 1963.162383556366 2231.9103053808212 
55.94275595511901 -3.191774071042508 WNW 55.94287076014872 -3.1920512349022614 2066.6985926628113 2321.7751430273056 
55.94287076014872 -3.1920512349022614 NNE 55.94314792400848 -3.191936429872552 2066.6985926628113 2320.5251430273056 
55.94314792400848 -3.191936429872552 N 55.94344792400848 -3.191936429872552 2077.0903792381287 2418.9356273412704 
55.94344792400848 -3.191936429872552 NNE 55.94372508786824 -3.1918216248428424 2166.7901244163513 2487.7224773168564 
55.94372508786824 -3.1918216248428424 ENE 55.94383989289795 -3.191544460983089 2166.7901244163513 2486.4724773168564 
55.94383989289795 -3.191544460983089 ENE 55.94395469792766 -3.1912672971233356 2166.7901244163513 2485.2224773168564 
55.94395469792766 -3.1912672971233356 ENE 55.94406950295737 -3.190990133263582 2166.7901244163513 2483.9724773168564 
55.94406950295737 -3.190990133263582 ENE 55.94418430798708 -3.1907129694038288 2166.7901244163513 2482.7224773168564 
55.94418430798708 -3.1907129694038288 ENE 55.94429911301679 -3.1904358055440754 2166.7901244163513 2481.4724773168564 
55.94429911301679 -3.1904358055440754 ENE 55.9444139180465 -3.190158641684322 2166.7901244163513 2480.2224773168564 
55.9444139180465 -3.190158641684322 ENE 55.94452872307621 -3.1898814778245685 2166.7901244163513 2478.9724773168564 
55.94452872307621 -3.1898814778245685 N 55.94482872307621 -3.1898814778245685 2166.7901244163513 2477.7224773168564 
55.94482872307621 -3.1898814778245685 NNE 55.94510588693597 -3.189766672794859 2166.7901244163513 2476.4724773168564 
55.94510588693597 -3.189766672794859 E 55.94510588693597 -3.189466672794859 2166.7901244163513 2475.2224773168564 
55.94510588693597 -3.189466672794859 E 55.94510588693597 -3.1891666727948587 2166.7901244163513 2473.9724773168564 
55.94510588693597 -3.1891666727948587 E 55.94510588693597 -3.1888666727948585 2166.7901244163513 2472.7224773168564 
55.94510588693597 -3.1888666727948585 E 55.94510588693597 -3.1885666727948583 2166.7901244163513 2471.4724773168564 
55.94510588693597 -3.1885666727948583 ESE 55.94499108190626 -3.188289508935105 2166.7901244163513 2470.2224773168564 
55.94499108190626 -3.188289508935105 E 55.94499108190626 -3.1879895089351047 2166.7901244163513 2468.9724773168564 
55.94499108190626 -3.1879895089351047 ENE 55.94510588693597 -3.1877123450753513 2166.7901244163513 2467.7224773168564 
55.94510588693597 -3.1877123450753513 ENE 55.94522069196568 -3.187435181215598 2166.7901244163513 2466.4724773168564 
55.94522069196568 -3.187435181215598 ENE 55.94533549699539 -3.1871580173558445 2166.7901244163513 2465.2224773168564 
55.94533549699539 -3.1871580173558445 ENE 55.9454503020251 -3.186880853496091 2166.7901244163513 2463.9724773168564 
55.9454503020251 -3.186880853496091 E 55.9454503020251 -3.186580853496091 2166.7901244163513 2462.7224773168564 
55.9454503020251 -3.186580853496091 ENE 55.94556510705481 -3.1863036896363375 2166.7901244163513 2461.4724773168564 
55.94556510705481 -3.1863036896363375 E 55.94556510705481 -3.1860036896363373 2166.7901244163513 2460.2224773168564 
55.94556510705481 -3.1860036896363373 ENE 55.94567991208452 -3.185726525776584 2166.7901244163513 2458.9724773168564 
55.94567991208452 -3.185726525776584 E 55.94567991208452 -3.1854265257765837 2166.7901244163513 2457.7224773168564 
55.94567991208452 -3.1854265257765837 ENE 55.94579471711423 -3.1851493619168303 2166.7901244163513 2456.4724773168564 
55.94579471711423 -3.1851493619168303 ENE 55.94590952214394 -3.184872198057077 2274.8107237815857 2463.5713275671005 
