55.944425 -3.188396 N 55.944725000000005 -3.188396 0.0 248.75 
N 55.94502500000001 -3.188396 25.52086067199707 275.4968032836914 
55.94502500000001 -3.188396 W 55.94502500000001 -3.188696 25.52086067199707 274.2468032836914 
NNW 55.945302163859765 -3.1888108050297097 39.17006969451904 327.04468536376953 
55.945302163859765 -3.1888108050297097 NNE 55.94557932771952 -3.188696 39.17006969451904 325.79468536376953 
ENE 55.94569413274923 -3.188418836140247 39.17006969451904 324.54468536376953 
ENE 55.94580893777894 -3.1881416722804934 100.30693340301514 353.1151523590088 
55.94580893777894 -3.1881416722804934 N 55.946108937778945 -3.1881416722804934 153.1271505355835 405.13163566589355 
55.946108937778945 -3.1881416722804934 E 55.946108937778945 -3.187841672280493 153.1271505355835 403.88163566589355 
ESE 55.945994132749234 -3.18756450842074 153.1271505355835 402.63163566589355 
SE 55.94578200071488 -3.187352376386384 153.1271505355835 401.38163566589355 
S 55.945482000714875 -3.187352376386384 158.7207531929016 440.2936191558838 
55.945482000714875 -3.187352376386384 S 55.94518200071487 -3.187352376386384 158.7207531929016 439.0436191558838 
S 55.94488200071487 -3.187352376386384 158.7207531929016 437.7936191558838 
SSE 55.94460483685511 -3.1872375713566745 278.0855145454407 523.2875232696533 
55.94460483685511 -3.1872375713566745 WSW 55.9444900318254 -3.187514735216428 278.0855145454407 522.0375232696533 
ESE 55.94437522679569 -3.1872375713566745 278.0855145454407 520.7875232696533 
SSE 55.944098062935936 -3.187122766326965 278.0855145454407 519.5375232696533 
SW 55.94388593090158 -3.187334898361321 278.0855145454407 518.2875232696533 
W 55.94388593090158 -3.187634898361321 278.0855145454407 517.0375232696533 
ESE 55.94377112587187 -3.1873577345015676 278.0855145454407 515.7875232696533 
NE 55.943983257906226 -3.187145602467212 278.0855145454407 514.5375232696533 
WSW 55.943868452876515 -3.187422766326965 278.0855145454407 513.2875232696533 
WNW 55.943983257906226 -3.1876999301867186 278.0855145454407 512.0375232696533 
SE 55.94377112587187 -3.187487798152363 278.0855145454407 510.7875232696533 
NE 55.943983257906226 -3.187275666118007 293.582377910614 530.9104328155518 
55.943983257906226 -3.187275666118007 S 55.94368325790622 -3.187275666118007 324.77104139328003 634.6653919219971 
55.94368325790622 -3.187275666118007 SSW 55.943406094046466 -3.1873904711477166 324.77104139328003 633.4153919219971 
S 55.94310609404646 -3.1873904711477166 347.57785749435425 674.5302982330322 
55.94310609404646 -3.1873904711477166 SSE 55.94282893018671 -3.187275666118007 436.5652003288269 749.7546100616455 
55.94282893018671 -3.187275666118007 ENE 55.94294373521642 -3.1869985022582537 436.5652003288269 748.5046100616455 
ENE 55.94305854024613 -3.1867213383985002 436.5652003288269 747.2546100616455 
ENE 55.94317334527584 -3.186444174538747 436.5652003288269 746.0046100616455 
NE 55.943385477310194 -3.186232042504391 479.39310026168823 766.9630737304688 
55.943385477310194 -3.186232042504391 N 55.9436854773102 -3.186232042504391 533.4324297904968 793.3134498596191 
55.9436854773102 -3.186232042504391 NNW 55.94396264116995 -3.1863468475341006 533.4324297904968 792.0634498596191 
N 55.944262641169956 -3.1863468475341006 630.1944308280945 824.4359130859375 
55.944262641169956 -3.1863468475341006 ESE 55.944147836140246 -3.186069683674347 630.1944308280945 823.1859130859375 
ESE 55.944033031110536 -3.1857925198145938 630.1944308280945 821.9359130859375 
ESE 55.943918226080825 -3.1855153559548404 649.7028422355652 895.3929138183594 
55.943918226080825 -3.1855153559548404 S 55.94361822608082 -3.1855153559548404 649.7028422355652 894.1429138183594 
S 55.94331822608082 -3.1855153559548404 649.7028422355652 892.8929138183594 
S 55.94301822608082 -3.1855153559548404 761.501250743866 926.1112327575684 
55.94301822608082 -3.1855153559548404 E 55.94301822608082 -3.18521535595484 761.501250743866 924.8612327575684 
ENE 55.94313303111053 -3.1849381920950868 761.501250743866 923.6112327575684 
ENE 55.94324783614024 -3.1846610282353334 872.6392359733582 1040.3082084655762 
55.94324783614024 -3.1846610282353334 N 55.94354783614024 -3.1846610282353334 872.6392359733582 1039.0582084655762 
N 55.94384783614024 -3.1846610282353334 872.6392359733582 1037.8082084655762 
NNE 55.944125 -3.184546223205624 872.6392359733582 1036.5582084655762 
N 55.944425 -3.184546223205624 872.6392359733582 1035.3082084655762 
N 55.944725000000005 -3.184546223205624 914.9626231193542 1099.3565864562988 
55.944725000000005 -3.184546223205624 N 55.94502500000001 -3.184546223205624 984.1063990592957 1146.2179946899414 
55.94502500000001 -3.184546223205624 N 55.94532500000001 -3.184546223205624 1054.4124674797058 1259.5292205810547 
55.94532500000001 -3.184546223205624 N 55.945625000000014 -3.184546223205624 1168.0080103874207 1318.9983863830566 
55.945625000000014 -3.184546223205624 WNW 55.945739805029724 -3.1848233870653773 1168.0080103874207 1317.7483863830566 
W 55.945739805029724 -3.1851233870653775 1168.0080103874207 1316.4983863830566 
WNW 55.945854610059435 -3.185400550925131 1168.0080103874207 1315.2483863830566 
WSW 55.945739805029724 -3.1856777147848843 1207.8260378837585 1426.1928443908691 
55.945739805029724 -3.1856777147848843 WSW 55.945625000000014 -3.1859548786446377 1207.8260378837585 1424.9428443908691 
WSW 55.9455101949703 -3.186232042504391 1207.8260378837585 1423.6928443908691 
WSW 55.94539538994059 -3.1865092063641445 1207.8260378837585 1422.4428443908691 
WSW 55.94528058491088 -3.186786370223898 1207.8260378837585 1421.1928443908691 
WSW 55.94516577988117 -3.1870635340836513 1207.8260378837585 1419.9428443908691 
WSW 55.94505097485146 -3.1873406979434047 1207.8260378837585 1418.6928443908691 
SW 55.944838842817106 -3.1875528299777605 1207.8260378837585 1417.4428443908691 
WSW 55.944724037787395 -3.187829993837514 1207.8260378837585 1416.1928443908691 
WNW 55.944838842817106 -3.1881071576972673 1207.8260378837585 1414.9428443908691 
WSW 55.944724037787395 -3.1883843215570207 1207.8260378837585 1413.6928443908691 
WSW 55.944609232757685 -3.188661485416774 1207.8260378837585 1412.4428443908691 
WSW 55.944494427727975 -3.1889386492765275 1207.8260378837585 1411.1928443908691 
WSW 55.944379622698264 -3.189215813136281 1207.8260378837585 1409.9428443908691 
W 55.944379622698264 -3.189515813136281 1207.8260378837585 1408.6928443908691 
WSW 55.944264817668554 -3.1897929769960345 1309.9913439750671 1492.11861038208 
55.944264817668554 -3.1897929769960345 W 55.944264817668554 -3.1900929769960347 1309.9913439750671 1490.86861038208 
WSW 55.94415001263884 -3.190370140855788 1325.7459387779236 1548.3922538757324 
55.94415001263884 -3.190370140855788 SSW 55.94387284877909 -3.1904849458854976 1374.4019827842712 1614.382526397705 
55.94387284877909 -3.1904849458854976 SW 55.94366071674473 -3.1906970779198534 1374.4019827842712 1613.132526397705 
WSW 55.94354591171502 -3.1909742417796068 1374.4019827842712 1611.882526397705 
SSW 55.943268747855264 -3.1910890468093163 1406.607228755951 1698.379451751709 
55.943268747855264 -3.1910890468093163 NW 55.94348087988962 -3.191301178843672 1406.607228755951 1697.129451751709 
NW 55.943693011923976 -3.191513310878028 1406.607228755951 1695.879451751709 
NNW 55.94397017578373 -3.1916281159077373 1406.607228755951 1694.629451751709 
NNW 55.94424733964349 -3.191742920937447 1406.607228755951 1693.379451751709 
N 55.94454733964349 -3.191742920937447 1419.717034816742 1719.8176002502441 
55.94454733964349 -3.191742920937447 W 55.94454733964349 -3.192042920937447 1451.7763495445251 1802.4914054870605 
55.94454733964349 -3.192042920937447 NNW 55.94482450350325 -3.1921577259671565 1451.7763495445251 1801.2414054870605 
N 55.94512450350325 -3.1921577259671565 1516.1706976890564 1883.5005683898926 
55.94512450350325 -3.1921577259671565 NE 55.94533663553761 -3.1919455939328008 1516.1706976890564 1882.2505683898926 
NE 55.945548767571964 -3.191733461898445 1599.6111960411072 1896.089849472046 
55.945548767571964 -3.191733461898445 NNE 55.94582593143172 -3.1916186568687355 1599.6111960411072 1894.839849472046 
NNE 55.94610309529148 -3.191503851839026 1667.646649837494 1998.639570236206 
55.94610309529148 -3.191503851839026 E 55.94610309529148 -3.1912038518390258 1685.4550909996033 2080.223714828491 
55.94610309529148 -3.1912038518390258 SE 55.94589096325712 -3.19099171980467 1685.4550909996033 2078.973714828491 
SE 55.945678831222764 -3.1907795877703142 1685.4550909996033 2077.723714828491 
SE 55.94546669918841 -3.1905674557359585 1685.4550909996033 2076.473714828491 
E 55.94546669918841 -3.1902674557359583 1799.197202205658 2105.0944080352783 
55.94546669918841 -3.1902674557359583 SSE 55.94518953532865 -3.1901526507062488 1799.197202205658 2103.8444080352783 
SSE 55.944912371468895 -3.1900378456765393 1799.197202205658 2102.5944080352783 
SSE 55.94463520760914 -3.1899230406468297 1799.197202205658 2101.3444080352783 
SSE 55.94435804374938 -3.1898082356171202 1799.197202205658 2100.0944080352783 
SSE 55.944080879889626 -3.1896934305874107 1799.197202205658 2098.8444080352783 
SSE 55.94380371602987 -3.189578625557701 1799.197202205658 2097.5944080352783 
SSE 55.94352655217011 -3.1894638205279917 1799.197202205658 2096.3444080352783 
SSE 55.943249388310356 -3.189349015498282 1799.197202205658 2095.0944080352783 
S 55.94294938831035 -3.189349015498282 1799.197202205658 2093.8444080352783 
SE 55.942737256276 -3.1891368834639264 1903.8746390342712 2163.721200942993 
