55.944425 -3.188396 N 55.944725000000005 -3.188396 68.65530395507812 332.67577362060547 
55.944725000000005 -3.188396 NW 55.94493713203436 -3.188608132034356 68.65530395507812 331.42577362060547 
WNW 55.94505193706407 -3.188885295894109 150.8216323852539 373.1109390258789 
55.94505193706407 -3.188885295894109 SSE 55.944774773204315 -3.1887704908643997 150.8216323852539 371.8609390258789 
SSE 55.94449760934456 -3.18865568583469 150.8216323852539 370.6109390258789 
SSE 55.9442204454848 -3.1885408808049807 150.8216323852539 369.3609390258789 
SE 55.944008313450446 -3.188328748770625 150.8216323852539 368.1109390258789 
ESE 55.943893508420736 -3.1880515849108715 257.3121566772461 401.8196792602539 
55.943893508420736 -3.1880515849108715 SE 55.94368137638638 -3.1878394528765157 257.3121566772461 400.5696792602539 
E 55.94368137638638 -3.1875394528765155 334.9915771484375 420.3504867553711 
55.94368137638638 -3.1875394528765155 ESE 55.94356657135667 -3.187262289016762 391.7916793823242 469.97686767578125 
55.94356657135667 -3.187262289016762 E 55.94356657135667 -3.186962289016762 481.81663513183594 551.3449401855469 
55.94356657135667 -3.186962289016762 N 55.94386657135667 -3.186962289016762 578.8618698120117 639.5570602416992 
55.94386657135667 -3.186962289016762 ENE 55.94398137638638 -3.1866851251570085 684.2190475463867 645.7699737548828 
55.94398137638638 -3.1866851251570085 N 55.944281376386385 -3.1866851251570085 803.2060623168945 681.1581344604492 
55.944281376386385 -3.1866851251570085 SSE 55.94400421252663 -3.186570320127299 803.2060623168945 679.9081344604492 
SSE 55.94372704866687 -3.1864555150975895 803.2060623168945 678.6581344604492 
E 55.94372704866687 -3.1861555150975893 920.4412460327148 791.5522689819336 
55.94372704866687 -3.1861555150975893 ENE 55.94384185369658 -3.185878351237836 920.4412460327148 790.3022689819336 
NNE 55.94411901755634 -3.1857635462081264 956.1602630615234 843.3476028442383 
55.94411901755634 -3.1857635462081264 N 55.94441901755634 -3.1857635462081264 966.2243890762329 924.5639190673828 
55.94441901755634 -3.1857635462081264 N 55.944719017556345 -3.1857635462081264 966.2243890762329 923.3139190673828 
N 55.94501901755635 -3.1857635462081264 1049.5258111953735 1043.1926498413086 
55.94501901755635 -3.1857635462081264 N 55.94531901755635 -3.1857635462081264 1049.5258111953735 1041.9426498413086 
N 55.94561901755635 -3.1857635462081264 1105.3128786087036 1112.770118713379 
55.94561901755635 -3.1857635462081264 N 55.945919017556356 -3.1857635462081264 1149.44717502594 1190.0345916748047 
55.945919017556356 -3.1857635462081264 WSW 55.945804212526646 -3.18604071006788 1149.44717502594 1188.7845916748047 
SSW 55.94552704866689 -3.1861555150975893 1149.44717502594 1187.5345916748047 
WSW 55.94541224363718 -3.1864326789573427 1149.44717502594 1186.2845916748047 
W 55.94541224363718 -3.186732678957343 1204.6874437332153 1249.4674377441406 
55.94541224363718 -3.186732678957343 WSW 55.94529743860747 -3.1870098428170963 1314.1049089431763 1344.8351440429688 
55.94529743860747 -3.1870098428170963 NNE 55.945574602467225 -3.186895037787387 1314.1049089431763 1343.5851440429688 
N 55.94587460246723 -3.186895037787387 1430.7655611038208 1373.6465892791748 
55.94587460246723 -3.186895037787387 ESE 55.94575979743752 -3.1866178739276334 1430.7655611038208 1372.3965892791748 
S 55.945459797437515 -3.1866178739276334 1430.7655611038208 1371.1465892791748 
ESE 55.945344992407804 -3.18634071006788 1430.7655611038208 1369.8965892791748 
ESE 55.945230187378094 -3.1860635462081266 1430.7655611038208 1368.6465892791748 
ESE 55.94511538234838 -3.185786382348373 1430.7655611038208 1367.3965892791748 
ESE 55.94500057731867 -3.18550921848862 1430.7655611038208 1366.1465892791748 
ESE 55.94488577228896 -3.1852320546288664 1430.7655611038208 1364.8965892791748 
E 55.94488577228896 -3.184932054628866 1468.8874216079712 1402.1639995574951 
55.94488577228896 -3.184932054628866 E 55.94488577228896 -3.184632054628866 1493.836033821106 1445.469877243042 
55.94488577228896 -3.184632054628866 SW 55.94467364025461 -3.1848441866632218 1493.836033821106 1444.219877243042 
SW 55.94446150822025 -3.1850563186975775 1493.836033821106 1442.969877243042 
SW 55.944249376185894 -3.1852684507319333 1493.836033821106 1441.719877243042 
SW 55.94403724415154 -3.185480582766289 1493.836033821106 1440.469877243042 
SW 55.94382511211718 -3.185692714800645 1493.836033821106 1439.219877243042 
SW 55.943612980082825 -3.1859048468350006 1493.836033821106 1437.969877243042 
SW 55.94340084804847 -3.1861169788693564 1493.836033821106 1436.719877243042 
SW 55.94318871601411 -3.186329110903712 1493.836033821106 1435.469877243042 
SW 55.94297658397976 -3.186541242938068 1493.836033821106 1434.219877243042 
SSW 55.94269942012 -3.1866560479677775 1493.836033821106 1432.969877243042 
NW 55.94291155215436 -3.1868681800021332 1493.836033821106 1431.719877243042 
ESE 55.942796747124646 -3.18659101614238 1493.836033821106 1430.469877243042 
NW 55.943008879159 -3.1868031481767356 1493.836033821106 1429.219877243042 
SSE 55.942731715299246 -3.186688343147026 1493.836033821106 1427.969877243042 
NW 55.9429438473336 -3.186900475181382 1493.836033821106 1426.719877243042 
WSW 55.94282904230389 -3.1871776390411353 1493.836033821106 1425.469877243042 
NE 55.94304117433825 -3.1869655070067795 1493.836033821106 1424.219877243042 
SE 55.94282904230389 -3.1867533749724237 1493.836033821106 1422.969877243042 
WNW 55.9429438473336 -3.187030538832177 1493.836033821106 1421.719877243042 
SW 55.942731715299246 -3.187242670866533 1493.836033821106 1420.469877243042 
NNE 55.943008879159 -3.1871278658368234 1493.836033821106 1419.219877243042 
ESE 55.94289407412929 -3.18685070197707 1493.836033821106 1417.969877243042 
SE 55.942681942094936 -3.186638569942714 1493.836033821106 1416.719877243042 
NNW 55.94295910595469 -3.1867533749724237 1493.836033821106 1415.469877243042 
W 55.94295910595469 -3.187053374972424 1493.836033821106 1414.219877243042 
ESE 55.94284430092498 -3.1867762111126705 1493.836033821106 1412.969877243042 
SE 55.942632168890626 -3.1865640790783147 1493.836033821106 1411.719877243042 
NNW 55.94290933275038 -3.1866788841080242 1493.836033821106 1410.469877243042 
WNW 55.94302413778009 -3.1869560479677776 1493.836033821106 1409.219877243042 
SE 55.942812005745736 -3.186743915933422 1493.836033821106 1407.969877243042 
WNW 55.94292681077545 -3.1870210797931753 1493.836033821106 1406.719877243042 
SW 55.94271467874109 -3.187233211827531 1493.836033821106 1405.469877243042 
NNE 55.94299184260085 -3.1871184067978215 1493.836033821106 1404.219877243042 
E 55.94299184260085 -3.1868184067978214 1493.836033821106 1402.969877243042 
SSE 55.94271467874109 -3.186703601768112 1517.9183473587036 1520.4681911468506 
55.94271467874109 -3.186703601768112 NW 55.94292681077545 -3.1869157338024676 1517.9183473587036 1519.2181911468506 
WSW 55.942812005745736 -3.187192897662221 1539.310772895813 1638.1754817962646 
55.942812005745736 -3.187192897662221 W 55.942812005745736 -3.187492897662221 1539.310772895813 1636.9254817962646 
W 55.942812005745736 -3.1877928976622214 1539.310772895813 1635.6754817962646 
W 55.942812005745736 -3.1880928976622216 1539.310772895813 1634.4254817962646 
W 55.942812005745736 -3.188392897662222 1539.310772895813 1633.1754817962646 
W 55.942812005745736 -3.188692897662222 1539.310772895813 1631.9254817962646 
W 55.942812005745736 -3.188992897662222 1546.7288765907288 1752.6469478607178 
55.942812005745736 -3.188992897662222 WNW 55.94292681077545 -3.1892700615219756 1546.7288765907288 1751.3969478607178 
WSW 55.942812005745736 -3.189547225381729 1546.7288765907288 1750.1469478607178 
NW 55.94302413778009 -3.1897593574160847 1546.7288765907288 1748.8969478607178 
WNW 55.9431389428098 -3.190036521275838 1546.7288765907288 1747.6469478607178 
WNW 55.94325374783951 -3.1903136851355915 1585.1076493263245 1764.7887630462646 
55.94325374783951 -3.1903136851355915 WNW 55.943368552869224 -3.190590848995345 1585.1076493263245 1763.5387630462646 
WNW 55.943483357898934 -3.1908680128550984 1585.1076493263245 1762.2887630462646 
WNW 55.943598162928645 -3.1911451767148518 1585.1076493263245 1761.0387630462646 
W 55.943598162928645 -3.191445176714852 1585.1076493263245 1759.7887630462646 
WNW 55.943712967958355 -3.1917223405746054 1585.1076493263245 1758.5387630462646 
WSW 55.943598162928645 -3.1919995044343588 1635.660692691803 1844.2075939178467 
55.943598162928645 -3.1919995044343588 WNW 55.943712967958355 -3.192276668294112 1732.9714150428772 1963.4639720916748 
55.943712967958355 -3.192276668294112 NNE 55.94399013181811 -3.1921618632644027 1732.9714150428772 1962.2139720916748 
NNE 55.94426729567787 -3.192047058234693 1732.9714150428772 1960.9639720916748 
NNE 55.944544459537624 -3.1919322532049836 1732.9714150428772 1959.7139720916748 
NE 55.94475659157198 -3.191720121170628 1732.9714150428772 1958.4639720916748 
ENE 55.94487139660169 -3.1914429573108745 1753.0412621498108 2041.358320236206 
55.94487139660169 -3.1914429573108745 NE 55.94508352863605 -3.1912308252765187 1807.9041848182678 2135.4234828948975 
55.94508352863605 -3.1912308252765187 E 55.94508352863605 -3.1909308252765185 1807.9041848182678 2134.1734828948975 
ENE 55.94519833366576 -3.190653661416765 1877.159731388092 2194.6244258880615 
