55.944425 -3.188396 W 55.944425 -3.188696 71.7407455444336 339.6203155517578 
55.944425 -3.188696 SSW 55.944147836140246 -3.1888108050297097 89.70792388916016 397.23415756225586 
55.944147836140246 -3.1888108050297097 NNW 55.944425 -3.188925610059419 89.70792388916016 395.98415756225586 
55.944425 -3.188925610059419 SSE 55.944147836140246 -3.1888108050297097 89.70792388916016 394.73415756225586 
55.944147836140246 -3.1888108050297097 SW 55.94393570410589 -3.1890229370640655 89.70792388916016 393.48415756225586 
55.94393570410589 -3.1890229370640655 E 55.94393570410589 -3.1887229370640653 89.70792388916016 392.23415756225586 
55.94393570410589 -3.1887229370640653 W 55.94393570410589 -3.1890229370640655 89.70792388916016 390.98415756225586 
55.94393570410589 -3.1890229370640655 WSW 55.94382089907618 -3.189300100923819 89.70792388916016 389.73415756225586 
55.94382089907618 -3.189300100923819 SE 55.94360876704182 -3.189087968889463 89.70792388916016 388.48415756225586 
55.94360876704182 -3.189087968889463 N 55.943908767041826 -3.189087968889463 89.70792388916016 387.23415756225586 
55.943908767041826 -3.189087968889463 NNW 55.94418593090158 -3.1892027739191726 89.70792388916016 385.98415756225586 
55.94418593090158 -3.1892027739191726 NE 55.94439806293594 -3.188990641884817 89.70792388916016 384.73415756225586 
55.94439806293594 -3.188990641884817 SW 55.94418593090158 -3.1892027739191726 89.70792388916016 383.48415756225586 
55.94418593090158 -3.1892027739191726 SE 55.943973798867226 -3.188990641884817 89.70792388916016 382.23415756225586 
55.943973798867226 -3.188990641884817 ENE 55.94408860389694 -3.1887134780250634 89.70792388916016 380.98415756225586 
55.94408860389694 -3.1887134780250634 SSW 55.94381144003718 -3.188828283054773 89.70792388916016 379.73415756225586 
55.94381144003718 -3.188828283054773 SSW 55.943534276177424 -3.1889430880844825 89.70792388916016 378.48415756225586 
55.943534276177424 -3.1889430880844825 ESE 55.94341947114771 -3.188665924224729 89.70792388916016 377.23415756225586 
55.94341947114771 -3.188665924224729 SE 55.94320733911336 -3.1884537921903733 89.70792388916016 375.98415756225586 
55.94320733911336 -3.1884537921903733 W 55.94320733911336 -3.1887537921903735 89.70792388916016 374.73415756225586 
55.94320733911336 -3.1887537921903735 SW 55.942995207079 -3.1889659242247292 168.82798767089844 470.01933670043945 
55.942995207079 -3.1889659242247292 S 55.942695207079 -3.1889659242247292 168.82798767089844 468.76933670043945 
55.942695207079 -3.1889659242247292 NW 55.942907339113354 -3.189178056259085 168.82798767089844 467.51933670043945 
55.942907339113354 -3.189178056259085 SW 55.942695207079 -3.189390188293441 168.82798767089844 466.26933670043945 
55.942695207079 -3.189390188293441 WNW 55.94281001210871 -3.189667352153194 168.82798767089844 465.01933670043945 
55.94281001210871 -3.189667352153194 W 55.94281001210871 -3.1899673521531944 168.82798767089844 463.76933670043945 
55.94281001210871 -3.1899673521531944 ENE 55.94292481713842 -3.189690188293441 168.82798767089844 462.51933670043945 
55.94292481713842 -3.189690188293441 SE 55.94271268510406 -3.189478056259085 168.82798767089844 461.26933670043945 
55.94271268510406 -3.189478056259085 E 55.94271268510406 -3.189178056259085 168.82798767089844 460.01933670043945 
55.94271268510406 -3.189178056259085 W 55.94271268510406 -3.189478056259085 168.82798767089844 458.76933670043945 
55.94271268510406 -3.189478056259085 W 55.94271268510406 -3.1897780562590854 168.82798767089844 457.51933670043945 
55.94271268510406 -3.1897780562590854 N 55.943012685104065 -3.1897780562590854 168.82798767089844 456.26933670043945 
55.943012685104065 -3.1897780562590854 S 55.94271268510406 -3.1897780562590854 168.82798767089844 455.01933670043945 
55.94271268510406 -3.1897780562590854 NNW 55.94298984896382 -3.189892861288795 168.82798767089844 453.76933670043945 
55.94298984896382 -3.189892861288795 SE 55.94277771692946 -3.189680729254439 168.82798767089844 452.51933670043945 
55.94277771692946 -3.189680729254439 N 55.943077716929466 -3.189680729254439 168.82798767089844 451.26933670043945 
55.943077716929466 -3.189680729254439 S 55.94277771692946 -3.189680729254439 168.82798767089844 450.01933670043945 
55.94277771692946 -3.189680729254439 WNW 55.94289252195917 -3.1899578931141925 168.82798767089844 448.76933670043945 
55.94289252195917 -3.1899578931141925 W 55.94289252195917 -3.1902578931141927 168.82798767089844 447.51933670043945 
55.94289252195917 -3.1902578931141927 SE 55.94268038992482 -3.190045761079837 168.82798767089844 446.26933670043945 
55.94268038992482 -3.190045761079837 ENE 55.94279519495453 -3.1897685972200835 168.82798767089844 445.01933670043945 
55.94279519495453 -3.1897685972200835 NW 55.943007326988884 -3.1899807292544393 168.82798767089844 443.76933670043945 
55.943007326988884 -3.1899807292544393 E 55.943007326988884 -3.189680729254439 168.82798767089844 442.51933670043945 
55.943007326988884 -3.189680729254439 SE 55.94279519495453 -3.1894685972200834 168.82798767089844 441.26933670043945 
55.94279519495453 -3.1894685972200834 E 55.94279519495453 -3.189168597220083 168.82798767089844 440.01933670043945 
55.94279519495453 -3.189168597220083 W 55.94279519495453 -3.1894685972200834 168.82798767089844 438.76933670043945 
55.94279519495453 -3.1894685972200834 E 55.94279519495453 -3.189168597220083 168.82798767089844 437.51933670043945 
55.94279519495453 -3.189168597220083 ESE 55.94268038992482 -3.1888914333603298 168.82798767089844 436.26933670043945 
55.94268038992482 -3.1888914333603298 WNW 55.94279519495453 -3.189168597220083 168.82798767089844 435.01933670043945 
55.94279519495453 -3.189168597220083 E 55.94279519495453 -3.188868597220083 168.82798767089844 433.76933670043945 
55.94279519495453 -3.188868597220083 NNE 55.943072358814284 -3.1887537921903735 168.82798767089844 432.51933670043945 
55.943072358814284 -3.1887537921903735 NNW 55.94334952267404 -3.188868597220083 168.82798767089844 431.26933670043945 
55.94334952267404 -3.188868597220083 NNW 55.9436266865338 -3.1889834022497925 168.82798767089844 430.01933670043945 
55.9436266865338 -3.1889834022497925 SW 55.94341455449944 -3.1891955342841483 168.82798767089844 428.76933670043945 
55.94341455449944 -3.1891955342841483 NNW 55.9436917183592 -3.1893103393138578 168.82798767089844 427.51933670043945 
55.9436917183592 -3.1893103393138578 NNW 55.943968882218954 -3.1894251443435673 168.82798767089844 426.26933670043945 
55.943968882218954 -3.1894251443435673 E 55.943968882218954 -3.189125144343567 168.82798767089844 425.01933670043945 
55.943968882218954 -3.189125144343567 W 55.943968882218954 -3.1894251443435673 168.82798767089844 423.76933670043945 
55.943968882218954 -3.1894251443435673 S 55.94366888221895 -3.1894251443435673 168.82798767089844 422.51933670043945 
55.94366888221895 -3.1894251443435673 SSW 55.943391718359194 -3.189539949373277 168.82798767089844 421.26933670043945 
55.943391718359194 -3.189539949373277 WSW 55.943276913329484 -3.18981711323303 168.82798767089844 420.01933670043945 
55.943276913329484 -3.18981711323303 NNE 55.94355407718924 -3.1897023082033207 168.82798767089844 418.76933670043945 
55.94355407718924 -3.1897023082033207 WNW 55.94366888221895 -3.189979472063074 197.6143856048584 520.7992820739746 
55.94366888221895 -3.189979472063074 ESE 55.94355407718924 -3.1897023082033207 197.6143856048584 519.5492820739746 
55.94355407718924 -3.1897023082033207 ENE 55.94366888221895 -3.1894251443435673 197.6143856048584 518.2992820739746 
55.94366888221895 -3.1894251443435673 SSE 55.943391718359194 -3.1893103393138578 197.6143856048584 517.0492820739746 
55.943391718359194 -3.1893103393138578 E 55.943391718359194 -3.1890103393138576 197.6143856048584 515.7992820739746 
55.943391718359194 -3.1890103393138576 SE 55.94317958632484 -3.188798207279502 197.6143856048584 514.5492820739746 
55.94317958632484 -3.188798207279502 SSW 55.94290242246508 -3.1889130123092113 197.6143856048584 513.2992820739746 
55.94290242246508 -3.1889130123092113 E 55.94290242246508 -3.188613012309211 197.6143856048584 512.0492820739746 
55.94290242246508 -3.188613012309211 NNW 55.94317958632484 -3.1887278173389206 197.6143856048584 510.7992820739746 
55.94317958632484 -3.1887278173389206 NNW 55.943456750184595 -3.18884262236863 197.6143856048584 509.5492820739746 
55.943456750184595 -3.18884262236863 SE 55.94324461815024 -3.1886304903342744 197.6143856048584 508.2992820739746 
55.94324461815024 -3.1886304903342744 SSW 55.94296745429048 -3.188745295363984 197.6143856048584 507.0492820739746 
55.94296745429048 -3.188745295363984 WSW 55.94285264926077 -3.1890224592237373 197.6143856048584 505.7992820739746 
55.94285264926077 -3.1890224592237373 E 55.94285264926077 -3.188722459223737 197.6143856048584 504.5492820739746 
55.94285264926077 -3.188722459223737 WSW 55.94273784423106 -3.1889996230834905 197.6143856048584 503.2992820739746 
55.94273784423106 -3.1889996230834905 E 55.94273784423106 -3.1886996230834903 197.6143856048584 502.0492820739746 
55.94273784423106 -3.1886996230834903 WNW 55.94285264926077 -3.1889767869432437 197.6143856048584 500.7992820739746 
55.94285264926077 -3.1889767869432437 E 55.94285264926077 -3.1886767869432435 197.6143856048584 499.5492820739746 
55.94285264926077 -3.1886767869432435 ESE 55.94273784423106 -3.18839962308349 197.6143856048584 498.2992820739746 
55.94273784423106 -3.18839962308349 ENE 55.94285264926077 -3.1881224592237367 197.6143856048584 497.0492820739746 
55.94285264926077 -3.1881224592237367 ESE 55.94273784423106 -3.1878452953639833 197.6143856048584 495.7992820739746 
55.94273784423106 -3.1878452953639833 E 55.94273784423106 -3.187545295363983 197.6143856048584 494.5492820739746 
55.94273784423106 -3.187545295363983 WNW 55.94285264926077 -3.1878224592237365 197.6143856048584 493.2992820739746 
55.94285264926077 -3.1878224592237365 ESE 55.94273784423106 -3.187545295363983 197.6143856048584 492.0492820739746 
55.94273784423106 -3.187545295363983 W 55.94273784423106 -3.1878452953639833 197.6143856048584 490.7992820739746 
55.94273784423106 -3.1878452953639833 WSW 55.94262303920135 -3.1881224592237367 197.6143856048584 489.5492820739746 
55.94262303920135 -3.1881224592237367 NW 55.94283517123571 -3.1883345912580925 197.6143856048584 488.2992820739746 
55.94283517123571 -3.1883345912580925 N 55.94313517123571 -3.1883345912580925 197.6143856048584 487.0492820739746 
55.94313517123571 -3.1883345912580925 NW 55.943347303270066 -3.1885467232924483 197.6143856048584 485.7992820739746 
55.943347303270066 -3.1885467232924483 NW 55.94355943530442 -3.188758855326804 197.6143856048584 484.5492820739746 
55.94355943530442 -3.188758855326804 SSW 55.943282271444666 -3.1888736603565135 197.6143856048584 483.2992820739746 
55.943282271444666 -3.1888736603565135 SSE 55.94300510758491 -3.188758855326804 197.6143856048584 482.0492820739746 
55.94300510758491 -3.188758855326804 S 55.942705107584906 -3.188758855326804 197.6143856048584 480.7992820739746 
55.942705107584906 -3.188758855326804 E 55.942705107584906 -3.188458855326804 197.6143856048584 479.5492820739746 
55.942705107584906 -3.188458855326804 N 55.94300510758491 -3.188458855326804 197.6143856048584 478.2992820739746 
55.94300510758491 -3.188458855326804 ESE 55.9428903025552 -3.1881816914670504 197.6143856048584 477.0492820739746 
55.9428903025552 -3.1881816914670504 E 55.9428903025552 -3.1878816914670502 197.6143856048584 475.7992820739746 
55.9428903025552 -3.1878816914670502 WSW 55.94277549752549 -3.1881588553268037 197.6143856048584 474.5492820739746 
55.94277549752549 -3.1881588553268037 NE 55.942987629559845 -3.187946723292448 197.6143856048584 473.2992820739746 
55.942987629559845 -3.187946723292448 SE 55.94277549752549 -3.187734591258092 197.6143856048584 472.0492820739746 
55.94277549752549 -3.187734591258092 NNE 55.943052661385245 -3.1876197862283826 197.6143856048584 470.7992820739746 
55.943052661385245 -3.1876197862283826 W 55.943052661385245 -3.187919786228383 197.6143856048584 469.5492820739746 
55.943052661385245 -3.187919786228383 NNW 55.943329825245 -3.1880345912580923 197.6143856048584 468.2992820739746 
55.943329825245 -3.1880345912580923 N 55.943629825245004 -3.1880345912580923 213.9519748687744 588.492618560791 
55.943629825245004 -3.1880345912580923 S 55.943329825245 -3.1880345912580923 213.9519748687744 587.242618560791 
55.943329825245 -3.1880345912580923 ESE 55.94321502021529 -3.187757427398339 213.9519748687744 585.992618560791 
55.94321502021529 -3.187757427398339 S 55.94291502021529 -3.187757427398339 213.9519748687744 584.742618560791 
55.94291502021529 -3.187757427398339 SSW 55.94263785635553 -3.1878722324280484 213.9519748687744 583.492618560791 
55.94263785635553 -3.1878722324280484 W 55.94263785635553 -3.1881722324280486 213.9519748687744 582.242618560791 
55.94263785635553 -3.1881722324280486 NE 55.94284998838989 -3.187960100393693 213.9519748687744 580.992618560791 
55.94284998838989 -3.187960100393693 NW 55.943062120424244 -3.1881722324280486 213.9519748687744 579.742618560791 
55.943062120424244 -3.1881722324280486 SW 55.94284998838989 -3.1883843644624044 213.9519748687744 578.492618560791 
55.94284998838989 -3.1883843644624044 NNE 55.943127152249644 -3.188269559432695 213.9519748687744 577.242618560791 
55.943127152249644 -3.188269559432695 S 55.94282715224964 -3.188269559432695 213.9519748687744 575.992618560791 
55.94282715224964 -3.188269559432695 ESE 55.94271234721993 -3.1879923955729415 213.9519748687744 574.742618560791 
55.94271234721993 -3.1879923955729415 E 55.94271234721993 -3.1876923955729413 213.9519748687744 573.492618560791 
55.94271234721993 -3.1876923955729413 WNW 55.94282715224964 -3.1879695594326947 213.9519748687744 572.242618560791 
55.94282715224964 -3.1879695594326947 NW 55.943039284284 -3.1881816914670504 213.9519748687744 570.992618560791 
55.943039284284 -3.1881816914670504 NE 55.943251416318354 -3.1879695594326947 213.9519748687744 569.742618560791 
55.943251416318354 -3.1879695594326947 N 55.94355141631836 -3.1879695594326947 213.9519748687744 568.492618560791 
55.94355141631836 -3.1879695594326947 NW 55.94376354835271 -3.1881816914670504 213.9519748687744 567.242618560791 
55.94376354835271 -3.1881816914670504 N 55.944063548352716 -3.1881816914670504 213.9519748687744 565.992618560791 
55.944063548352716 -3.1881816914670504 SSE 55.94378638449296 -3.188066886437341 213.9519748687744 564.742618560791 
55.94378638449296 -3.188066886437341 N 55.94408638449296 -3.188066886437341 213.9519748687744 563.492618560791 
55.94408638449296 -3.188066886437341 NNE 55.94436354835272 -3.1879520814076314 315.347131729126 619.4446640014648 
55.94436354835272 -3.1879520814076314 WNW 55.94447835338243 -3.188229245267385 315.347131729126 618.1946640014648 
55.94447835338243 -3.188229245267385 WNW 55.94459315841214 -3.1885064091271382 315.347131729126 616.9446640014648 
55.94459315841214 -3.1885064091271382 WSW 55.94447835338243 -3.1887835729868916 315.347131729126 615.6946640014648 
55.94447835338243 -3.1887835729868916 SW 55.94426622134807 -3.1889957050212474 315.347131729126 614.4446640014648 
55.94426622134807 -3.1889957050212474 NW 55.94447835338243 -3.189207837055603 315.347131729126 613.1946640014648 
55.94447835338243 -3.189207837055603 NW 55.944690485416785 -3.189419969089959 315.347131729126 611.9446640014648 
55.944690485416785 -3.189419969089959 WSW 55.944575680387075 -3.1896971329497124 315.347131729126 610.6946640014648 
55.944575680387075 -3.1896971329497124 NW 55.94478781242143 -3.189909264984068 315.347131729126 609.4446640014648 
55.94478781242143 -3.189909264984068 SSE 55.944510648561675 -3.1897944599543586 315.347131729126 608.1946640014648 
55.944510648561675 -3.1897944599543586 W 55.944510648561675 -3.190094459954359 315.347131729126 606.9446640014648 
55.944510648561675 -3.190094459954359 SW 55.94429851652732 -3.1903065919887146 429.30608558654785 671.065055847168 
55.94429851652732 -3.1903065919887146 W 55.94429851652732 -3.1906065919887148 485.67896461486816 676.1471667289734 
55.94429851652732 -3.1906065919887148 W 55.94429851652732 -3.190906591988715 607.1456928253174 710.5513453483582 
55.94429851652732 -3.190906591988715 ESE 55.94418371149761 -3.190629428128961