55.944425 -3.188396 SE 55.944212867965646 -3.1881838679656442 0.0 248.75 
55.944212867965646 -3.1881838679656442 NNW 55.9444900318254 -3.1882986729953537 63.775421142578125 247.8231837451458 
55.9444900318254 -3.1882986729953537 ESE 55.94437522679569 -3.1880215091356003 63.775421142578125 246.5731837451458 
55.94437522679569 -3.1880215091356003 SSE 55.944098062935936 -3.187906704105891 63.775421142578125 245.3231837451458 
55.944098062935936 -3.187906704105891 SSE 55.94382089907618 -3.1877918990761813 149.48249053955078 312.2949549853802 
55.94382089907618 -3.1877918990761813 NE 55.944033031110536 -3.1875797670418256 191.34032440185547 385.6600978076458 
55.944033031110536 -3.1875797670418256 SW 55.94382089907618 -3.1877918990761813 191.34032440185547 384.4100978076458 
55.94382089907618 -3.1877918990761813 SSW 55.94354373521642 -3.187906704105891 226.88269424438477 440.6050860583782 
55.94354373521642 -3.187906704105891 S 55.94324373521642 -3.187906704105891 309.23791885375977 549.6919161975384 
55.94324373521642 -3.187906704105891 W 55.94324373521642 -3.188206704105891 309.23791885375977 548.4419161975384 
55.94324373521642 -3.188206704105891 WSW 55.94312893018671 -3.1884838679656444 309.23791885375977 547.1919161975384 
55.94312893018671 -3.1884838679656444 SE 55.94291679815235 -3.1882717359312887 309.23791885375977 545.9419161975384 
55.94291679815235 -3.1882717359312887 N 55.943216798152356 -3.1882717359312887 309.23791885375977 544.6919161975384 
55.943216798152356 -3.1882717359312887 NNW 55.94349396201211 -3.188386540960998 309.23791885375977 543.4419161975384 
55.94349396201211 -3.188386540960998 NNW 55.94377112587187 -3.1885013459907077 402.7447395324707 648.8986880481243 
55.94377112587187 -3.1885013459907077 NNW 55.944048289731626 -3.188616151020417 494.9026756286621 761.2910830676556 
55.944048289731626 -3.188616151020417 NE 55.94426042176598 -3.1884040189860614 494.9026756286621 760.0410830676556 
55.94426042176598 -3.1884040189860614 SW 55.944048289731626 -3.188616151020417 494.9026756286621 758.7910830676556 
55.944048289731626 -3.188616151020417 SE 55.94383615769727 -3.1884040189860614 494.9026756286621 757.5410830676556 
55.94383615769727 -3.1884040189860614 ENE 55.94395096272698 -3.188126855126308 494.9026756286621 756.2910830676556 
55.94395096272698 -3.188126855126308 SSW 55.94367379886722 -3.1882416601560175 494.9026756286621 755.0410830676556 
55.94367379886722 -3.1882416601560175 SSW 55.94339663500747 -3.188356465185727 494.9026756286621 753.7910830676556 
55.94339663500747 -3.188356465185727 ESE 55.94328182997776 -3.1880793013259736 494.9026756286621 752.5410830676556 
55.94328182997776 -3.1880793013259736 SE 55.9430696979434 -3.187867169291618 494.9026756286621 751.2910830676556 
55.9430696979434 -3.187867169291618 S 55.9427696979434 -3.187867169291618 580.5105476379395 755.5251404941082 
55.9427696979434 -3.187867169291618 NE 55.942981829977754 -3.187655037257262 616.0761756896973 796.385675162077 
55.942981829977754 -3.187655037257262 W 55.942981829977754 -3.1879550372572623 616.0761756896973 795.135675162077 
55.942981829977754 -3.1879550372572623 S 55.94268182997775 -3.1879550372572623 616.0761756896973 793.885675162077 
55.94268182997775 -3.1879550372572623 NW 55.94289396201211 -3.188167169291618 616.0761756896973 792.635675162077 
55.94289396201211 -3.188167169291618 SW 55.94268182997775 -3.188379301325974 616.0761756896973 791.385675162077 
55.94268182997775 -3.188379301325974 WNW 55.94279663500746 -3.188656465185727 616.0761756896973 790.135675162077 
55.94279663500746 -3.188656465185727 NE 55.94300876704182 -3.1884443331513714 616.0761756896973 788.885675162077 
55.94300876704182 -3.1884443331513714 ENE 55.94312357207153 -3.188167169291618 616.0761756896973 787.635675162077 
55.94312357207153 -3.188167169291618 W 55.94312357207153 -3.188467169291618 616.0761756896973 786.385675162077 
55.94312357207153 -3.188467169291618 ENE 55.94323837710124 -3.188190005431865 616.0761756896973 785.135675162077 
55.94323837710124 -3.188190005431865 SE 55.94302624506688 -3.187977873397509 616.0761756896973 783.885675162077 
55.94302624506688 -3.187977873397509 ESE 55.94291144003717 -3.1877007095377556 616.0761756896973 782.635675162077 
55.94291144003717 -3.1877007095377556 NE 55.94312357207153 -3.1874885775034 616.0761756896973 781.385675162077 
55.94312357207153 -3.1874885775034 SSW 55.94284640821177 -3.1876033825331094 616.0761756896973 780.135675162077 
55.94284640821177 -3.1876033825331094 N 55.943146408211774 -3.1876033825331094 616.0761756896973 778.885675162077 
55.943146408211774 -3.1876033825331094 E 55.943146408211774 -3.187303382533109 616.0761756896973 777.635675162077 
55.943146408211774 -3.187303382533109 NE 55.94335854024613 -3.1870912504987534 667.6456642150879 876.7667481601238 
55.94335854024613 -3.1870912504987534 SSE 55.943081376386374 -3.186976445469044 667.6456642150879 875.5167481601238 
55.943081376386374 -3.186976445469044 SSW 55.94280421252662 -3.1870912504987534 667.6456642150879 874.2667481601238 
55.94280421252662 -3.1870912504987534 ESE 55.94268940749691 -3.186814086639 667.6456642150879 873.0167481601238 
55.94268940749691 -3.186814086639 W 55.94268940749691 -3.187114086639 667.6456642150879 871.7667481601238 
55.94268940749691 -3.187114086639 N 55.94298940749691 -3.187114086639 667.6456642150879 870.5167481601238 
55.94298940749691 -3.187114086639 W 55.94298940749691 -3.1874140866390004 667.6456642150879 869.2667481601238 
55.94298940749691 -3.1874140866390004 SSE 55.94271224363715 -3.187299281609291 667.6456642150879 868.0167481601238 
55.94271224363715 -3.187299281609291 NE 55.94292437567151 -3.187087149574935 667.6456642150879 866.7667481601238 
55.94292437567151 -3.187087149574935 N 55.94322437567151 -3.187087149574935 667.6456642150879 865.5167481601238 
55.94322437567151 -3.187087149574935 S 55.94292437567151 -3.187087149574935 667.6456642150879 864.2667481601238 
55.94292437567151 -3.187087149574935 NNW 55.943201539531266 -3.1872019546046446 667.6456642150879 863.0167481601238 
55.943201539531266 -3.1872019546046446 SE 55.94298940749691 -3.186989822570289 667.6456642150879 861.7667481601238 
55.94298940749691 -3.186989822570289 N 55.94328940749691 -3.186989822570289 667.6456642150879 860.5167481601238 
55.94328940749691 -3.186989822570289 S 55.94298940749691 -3.186989822570289 667.6456642150879 859.2667481601238 
55.94298940749691 -3.186989822570289 WNW 55.94310421252662 -3.1872669864300422 667.6456642150879 858.0167481601238 
55.94310421252662 -3.1872669864300422 W 55.94310421252662 -3.1875669864300424 667.6456642150879 856.7667481601238 
55.94310421252662 -3.1875669864300424 SE 55.942892080492264 -3.1873548543956867 667.6456642150879 855.5167481601238 
55.942892080492264 -3.1873548543956867 ENE 55.943006885521974 -3.1870776905359333 667.6456642150879 854.2667481601238 
55.943006885521974 -3.1870776905359333 NW 55.94321901755633 -3.187289822570289 667.6456642150879 853.0167481601238 
55.94321901755633 -3.187289822570289 E 55.94321901755633 -3.186989822570289 667.6456642150879 851.7667481601238 
55.94321901755633 -3.186989822570289 NE 55.94343114959069 -3.186777690535933 667.6456642150879 850.5167481601238 
55.94343114959069 -3.186777690535933 E 55.94343114959069 -3.186477690535933 667.6456642150879 849.2667481601238 
55.94343114959069 -3.186477690535933 NE 55.94364328162504 -3.186265558501577 744.2359886169434 870.7947938144207 
55.94364328162504 -3.186265558501577 NE 55.9438554136594 -3.1860534264672213 820.9499473571777 988.137269705534 
55.9438554136594 -3.1860534264672213 SE 55.94364328162504 -3.1858412944328656 820.9499473571777 986.887269705534 
55.94364328162504 -3.1858412944328656 SE 55.94343114959069 -3.18562916239851 820.9499473571777 985.637269705534 
55.94343114959069 -3.18562916239851 NNE 55.94370831345044 -3.1855143573688003 820.9499473571777 984.387269705534 
55.94370831345044 -3.1855143573688003 S 55.94340831345044 -3.1855143573688003 820.9499473571777 983.137269705534 
55.94340831345044 -3.1855143573688003 NE 55.9436204454848 -3.1853022253344445 820.9499473571777 981.887269705534 
55.9436204454848 -3.1853022253344445 E 55.9436204454848 -3.1850022253344443 820.9499473571777 980.637269705534 
55.9436204454848 -3.1850022253344443 W 55.9436204454848 -3.1853022253344445 820.9499473571777 979.387269705534 
55.9436204454848 -3.1853022253344445 E 55.9436204454848 -3.1850022253344443 820.9499473571777 978.137269705534 
55.9436204454848 -3.1850022253344443 ESE 55.943505640455086 -3.184725061474691 820.9499473571777 976.887269705534 
55.943505640455086 -3.184725061474691 NE 55.94371777248944 -3.184512929440335 938.8203239440918 1052.7596909701824 
55.94371777248944 -3.184512929440335 WNW 55.94383257751915 -3.1847900933000886 938.8203239440918 1051.5096909701824 
55.94383257751915 -3.1847900933000886 E 55.94383257751915 -3.1844900933000884 938.8203239440918 1050.2596909701824 
55.94383257751915 -3.1844900933000884 SSW 55.943555413659396 -3.184604898329798 938.8203239440918 1049.0096909701824 
55.943555413659396 -3.184604898329798 NNE 55.94383257751915 -3.1844900933000884 938.8203239440918 1047.7596909701824 
55.94383257751915 -3.1844900933000884 NNW 55.94410974137891 -3.184604898329798 938.8203239440918 1046.5096909701824 
55.94410974137891 -3.184604898329798 NNW 55.944386905238666 -3.1847197033595074 938.8203239440918 1045.2596909701824 
55.944386905238666 -3.1847197033595074 SW 55.94417477320431 -3.184931835393863 938.8203239440918 1044.0096909701824 
55.94417477320431 -3.184931835393863 NNW 55.944451937064066 -3.1850466404235727 938.8203239440918 1042.7596909701824 
55.944451937064066 -3.1850466404235727 NNW 55.94472910092382 -3.185161445453282 938.8203239440918 1041.5096909701824 
55.94472910092382 -3.185161445453282 E 55.94472910092382 -3.184861445453282 938.8203239440918 1040.2596909701824 
55.94472910092382 -3.184861445453282 W 55.94472910092382 -3.185161445453282 938.8203239440918 1039.0096909701824 
55.94472910092382 -3.185161445453282 NNW 55.94500626478358 -3.1852762504829917 938.8203239440918 1037.7596909701824 
55.94500626478358 -3.1852762504829917 NE 55.945218396817936 -3.185064118448636 1008.1928520202637 1097.890012472868 
55.945218396817936 -3.185064118448636 S 55.94491839681793 -3.185064118448636 1008.1928520202637 1096.640012472868 
55.94491839681793 -3.185064118448636 SSW 55.944641232958176 -3.1851789234783454 1008.1928520202637 1095.390012472868 
55.944641232958176 -3.1851789234783454 WSW 55.944526427928466 -3.185456087338099 1008.1928520202637 1094.140012472868 
55.944526427928466 -3.185456087338099 NNW 55.94480359178822 -3.1855708923678083 1029.408634185791 1108.977212637663 
55.94480359178822 -3.1855708923678083 SE 55.944591459753866 -3.1853587603334526 1029.408634185791 1107.727212637663 
55.944591459753866 -3.1853587603334526 E 55.944591459753866 -3.1850587603334524 1029.408634185791 1106.477212637663 
55.944591459753866 -3.1850587603334524 NNE 55.94486862361362 -3.184943955303743 1029.408634185791 1105.227212637663 
55.94486862361362 -3.184943955303743 ESE 55.94475381858391 -3.1846667914439895 1029.408634185791 1103.977212637663 
55.94475381858391 -3.1846667914439895 ENE 55.94486862361362 -3.184389627584236 1029.408634185791 1102.727212637663 
55.94486862361362 -3.184389627584236 WSW 55.94475381858391 -3.1846667914439895 1029.408634185791 1101.477212637663 
55.94475381858391 -3.1846667914439895 SE 55.944541686549556 -3.1844546594096337 1029.408634185791 1100.227212637663 
55.944541686549556 -3.1844546594096337 SSW 55.9442645226898 -3.184569464439343 1029.408634185791 1098.977212637663 
55.9442645226898 -3.184569464439343 NNW 55.944541686549556 -3.1846842694690527 1029.408634185791 1097.727212637663 
55.944541686549556 -3.1846842694690527 NNW 55.94481885040931 -3.184799074498762 1029.408634185791 1096.477212637663 
55.94481885040931 -3.184799074498762 SE 55.944606718374956 -3.1845869424644064 1029.408634185791 1095.227212637663 
55.944606718374956 -3.1845869424644064 SSW 55.9443295545152 -3.184701747494116 1029.408634185791 1093.977212637663 
55.9443295545152 -3.184701747494116 WSW 55.94421474948549 -3.1849789113538693 1029.408634185791 1092.727212637663 
55.94421474948549 -3.1849789113538693 E 55.94421474948549 -3.184678911353869 1029.408634185791 1091.477212637663 
55.94421474948549 -3.184678911353869 WSW 55.94409994445578 -3.1849560752136226 1029.408634185791 1090.227212637663 
55.94409994445578 -3.1849560752136226 S 55.943799944455776 -3.1849560752136226 1029.408634185791 1088.977212637663 
55.943799944455776 -3.1849560752136226 NW 55.94401207649013 -3.1851682072479783 1029.408634185791 1087.727212637663 
55.94401207649013 -3.1851682072479783 SW 55.943799944455776 -3.185380339282334 1029.408634185791 1086.477212637663 
55.943799944455776 -3.185380339282334 E 55.943799944455776 -3.185080339282334 1029.408634185791 1085.227212637663 
55.943799944455776 -3.185080339282334 SSW 55.94352278059602 -3.1851951443120434 1029.408634185791 1083.977212637663 
55.94352278059602 -3.1851951443120434 WNW 55.94363758562573 -3.185472308171797 1029.408634185791 1082.727212637663 
55.94363758562573 -3.185472308171797 SSE 55.94336042176597 -3.1853575031420873 1029.408634185791 1081.477212637663 
55.94336042176597 -3.1853575031420873 SSW 55.94308325790622 -3.185472308171797 1029.408634185791 1080.227212637663 
55.94308325790622 -3.185472308171797 SSW 55.94280609404646 -3.1855871132015063 1029.408634185791 1078.977212637663 
55.94280609404646 -3.1855871132015063 E 55.94280609404646 -3.185287113201506 1029.408634185791 1077.727212637663 
55.94280609404646 -3.185287113201506 ESE 55.94269128901675 -3.1850099493417527 1029.408634185791 1076.477212637663 
55.94269128901675 -3.1850099493417527 ENE 55.94280609404646 -3.1847327854819993 1029.408634185791 1075.227212637663 
55.94280609404646 -3.1847327854819993 NE 55.94301822608082 -3.1845206534476436 1063.9083709716797 1171.9239823520184 
55.94301822608082 -3.1845206534476436 WNW 55.94313303111053 -3.184797817307397 1063.9083709716797 1170.6739823520184 
55.94313303111053 -3.184797817307397 SSE 55.94285586725077 -3.1846830122776875 1063.9083709716797 1169.4239823520184 
55.94285586725077 -3.1846830122776875 ESE 55.94274106222106 -3.184405848417934 1063.9083709716797 1168.1739823520184 
55.94274106222106 -3.184405848417934 W 55.94274106222106 -3.1847058484179342 1063.9083709716797 1166.9239823520184 
55.94274106222106 -3.1847058484179342 WSW 55.94262625719135 -3.1849830122776877 1063.9083709716797 1165.6739823520184 
55.94262625719135 -3.1849830122776877 NW 55.942838389225706 -3.1851951443120434 1063.9083709716797 1164.4239823520184 
55.942838389225706 -3.1851951443120434 N 55.94313838922571 -3.1851951443120434 1063.9083709716797 1163.1739823520184 
55.94313838922571 -3.1851951443120434 NW 55.943350521260065 -3.185407276346399 1063.9083709716797 1161.9239823520184 
55.943350521260065 -3.185407276346399 NW 55.94356265329442 -3.185619408380755 1063.9083709716797 1160.6739823520184 
55.94356265329442 -3.185619408380755 SSW 55.943285489434665 -3.1857342134104645 1063.9083709716797 1159.4239823520184 
55.943285489434665 -3.1857342134104645 SSE 55.94300832557491 -3.185619408380755 1063.9083709716797 1158.1739823520184 
55.94300832557491 -3.185619408380755 S 55.942708325574905 -3.185619408380755 1063.9083709716797 1156.9239823520184 
55.942708325574905 -3.185619408380755 E 55.942708325574905 -3.185319408380755 1063.9083709716797 1155.6739823520184 
55.942708325574905 -3.185319408380755 N 55.94300832557491 -3.185319408380755 1063.9083709716797 1154.4239823520184 
55.94300832557491 -3.185319408380755 ESE 55.9428935205452 -3.1850422445210014 1063.9083709716797 1153.1739823520184 
55.9428935205452 -3.1850422445210014 E 55.9428935205452 -3.184742244521001 1063.9083709716797 1151.9239823520184 
55.9428935205452 -3.184742244521001 WSW 55.94277871551549 -3.1850194083807546 1063.9083709716797 1150.6739823520184 
55.94277871551549 -3.1850194083807546 NE 55.942990847549844 -3.184807276346399 1063.9083709716797 1149.4239823520184 
55.942990847549844 -3.184807276346399 SE 55.94277871551549 -3.184595144312043 1063.9083709716797 1148.1739823520184 
55.94277871551549 -3.184595144312043 NNE 55.943055879375244 -3.1844803392823335 1063.908370971679