55.944425 -3.188396 NE 55.94463713203436 -3.1881838679656442 73.70193481445312 345.4192123413086 
55.94463713203436 -3.1881838679656442 NNW 55.944914295894115 -3.1882986729953537 80.63403177261353 395.1041145324707 
55.944914295894115 -3.1882986729953537 NNW 55.94519145975387 -3.1884134780250633 80.63403177261353 393.8541145324707 
55.94519145975387 -3.1884134780250633 SE 55.944979327719516 -3.1882013459907075 80.63403177261353 392.6041145324707 
55.944979327719516 -3.1882013459907075 SSE 55.94470216385976 -3.188086540960998 80.63403177261353 391.3541145324707 
55.94470216385976 -3.188086540960998 SW 55.9444900318254 -3.1882986729953537 80.63403177261353 390.1041145324707 
55.9444900318254 -3.1882986729953537 E 55.9444900318254 -3.1879986729953536 80.63403177261353 388.8541145324707 
55.9444900318254 -3.1879986729953536 W 55.9444900318254 -3.1882986729953537 80.63403177261353 387.6041145324707 
55.9444900318254 -3.1882986729953537 WSW 55.94437522679569 -3.188575836855107 80.63403177261353 386.3541145324707 
55.94437522679569 -3.188575836855107 SE 55.944163094761336 -3.1883637048207514 80.63403177261353 385.1041145324707 
55.944163094761336 -3.1883637048207514 N 55.94446309476134 -3.1883637048207514 80.63403177261353 383.8541145324707 
55.94446309476134 -3.1883637048207514 NNW 55.944740258621096 -3.188478509850461 80.63403177261353 382.6041145324707 
55.944740258621096 -3.188478509850461 NE 55.94495239065545 -3.188266377816105 80.63403177261353 381.3541145324707 
55.94495239065545 -3.188266377816105 SW 55.944740258621096 -3.188478509850461 80.63403177261353 380.1041145324707 
55.944740258621096 -3.188478509850461 SE 55.94452812658674 -3.188266377816105 80.63403177261353 378.8541145324707 
55.94452812658674 -3.188266377816105 ENE 55.94464293161645 -3.1879892139563517 80.63403177261353 377.6041145324707 
55.94464293161645 -3.1879892139563517 SSW 55.94436576775669 -3.188104018986061 80.63403177261353 376.3541145324707 
55.94436576775669 -3.188104018986061 SSW 55.94408860389694 -3.1882188240157707 80.63403177261353 375.1041145324707 
55.94408860389694 -3.1882188240157707 ESE 55.943973798867226 -3.1879416601560173 80.63403177261353 373.8541145324707 
55.943973798867226 -3.1879416601560173 SE 55.94376166683287 -3.1877295281216615 80.63403177261353 372.6041145324707 
55.94376166683287 -3.1877295281216615 W 55.94376166683287 -3.1880295281216617 80.63403177261353 371.3541145324707 
55.94376166683287 -3.1880295281216617 S 55.94346166683287 -3.1880295281216617 80.63403177261353 370.1041145324707 
55.94346166683287 -3.1880295281216617 NW 55.94367379886722 -3.1882416601560175 80.63403177261353 368.8541145324707 
55.94367379886722 -3.1882416601560175 SW 55.94346166683287 -3.1884537921903733 80.63403177261353 367.6041145324707 
55.94346166683287 -3.1884537921903733 SW 55.94324953479851 -3.188665924224729 111.37698793411255 420.2175598144531 
55.94324953479851 -3.188665924224729 WSW 55.9431347297688 -3.1889430880844825 111.37698793411255 418.9675598144531 
55.9431347297688 -3.1889430880844825 WNW 55.94324953479851 -3.189220251944236 139.75076913833618 418.19546684622765 
55.94324953479851 -3.189220251944236 WNW 55.94336433982822 -3.1894974158039893 139.75076913833618 416.94546684622765 
55.94336433982822 -3.1894974158039893 NE 55.94357647186258 -3.1892852837696335 139.75076913833618 415.69546684622765 
55.94357647186258 -3.1892852837696335 ENE 55.94369127689229 -3.18900811990988 139.75076913833618 414.44546684622765 
55.94369127689229 -3.18900811990988 W 55.94369127689229 -3.1893081199098803 139.75076913833618 413.19546684622765 
55.94369127689229 -3.1893081199098803 WNW 55.943806081922 -3.1895852837696337 243.53433847427368 415.1828335225582 
55.943806081922 -3.1895852837696337 ENE 55.94392088695171 -3.1893081199098803 243.53433847427368 413.9328335225582 
55.94392088695171 -3.1893081199098803 SE 55.94370875491735 -3.1890959878755245 243.53433847427368 412.6828335225582 
55.94370875491735 -3.1890959878755245 ESE 55.94359394988764 -3.188818824015771 243.53433847427368 411.4328335225582 
55.94359394988764 -3.188818824015771 NE 55.943806081922 -3.1886066919814153 243.53433847427368 410.1828335225582 
55.943806081922 -3.1886066919814153 SSW 55.94352891806224 -3.188721497011125 243.53433847427368 408.9328335225582 
55.94352891806224 -3.188721497011125 S 55.94322891806224 -3.188721497011125 243.53433847427368 407.6828335225582 
55.94322891806224 -3.188721497011125 N 55.94352891806224 -3.188721497011125 243.53433847427368 406.4328335225582 
55.94352891806224 -3.188721497011125 E 55.94352891806224 -3.1884214970111247 243.53433847427368 405.1828335225582 
55.94352891806224 -3.1884214970111247 SSE 55.943251754202485 -3.188306691981415 243.53433847427368 403.9328335225582 
55.943251754202485 -3.188306691981415 SSE 55.94297459034273 -3.1881918869517056 243.53433847427368 402.6828335225582 
55.94297459034273 -3.1881918869517056 ENE 55.94308939537244 -3.1879147230919522 288.75815057754517 488.69936642050743 
55.94308939537244 -3.1879147230919522 ESE 55.94297459034273 -3.187637559232199 288.75815057754517 487.44936642050743 
55.94297459034273 -3.187637559232199 N 55.94327459034273 -3.187637559232199 288.75815057754517 486.19936642050743 
55.94327459034273 -3.187637559232199 W 55.94327459034273 -3.187937559232199 288.75815057754517 484.94936642050743 
55.94327459034273 -3.187937559232199 NE 55.94348672237709 -3.1877254271978432 288.75815057754517 483.69936642050743 
55.94348672237709 -3.1877254271978432 S 55.943186722377085 -3.1877254271978432 288.75815057754517 482.44936642050743 
55.943186722377085 -3.1877254271978432 NNW 55.94346388623684 -3.1878402322275528 288.75815057754517 481.19936642050743 
55.94346388623684 -3.1878402322275528 SE 55.943251754202485 -3.187628100193197 288.75815057754517 479.94936642050743 
55.943251754202485 -3.187628100193197 N 55.94355175420249 -3.187628100193197 288.75815057754517 478.69936642050743 
55.94355175420249 -3.187628100193197 S 55.943251754202485 -3.187628100193197 288.75815057754517 477.44936642050743 
55.943251754202485 -3.187628100193197 WNW 55.943366559232196 -3.1879052640529504 288.75815057754517 476.19936642050743 
55.943366559232196 -3.1879052640529504 W 55.943366559232196 -3.1882052640529506 288.75815057754517 474.94936642050743 
55.943366559232196 -3.1882052640529506 SE 55.94315442719784 -3.187993132018595 288.75815057754517 473.69936642050743 
55.94315442719784 -3.187993132018595 ENE 55.94326923222755 -3.1877159681588414 288.75815057754517 472.44936642050743 
55.94326923222755 -3.1877159681588414 NW 55.943481364261906 -3.187928100193197 288.75815057754517 471.19936642050743 
55.943481364261906 -3.187928100193197 E 55.943481364261906 -3.187628100193197 288.75815057754517 469.94936642050743 
55.943481364261906 -3.187628100193197 NE 55.94369349629626 -3.187415968158841 288.75815057754517 468.69936642050743 
55.94369349629626 -3.187415968158841 E 55.94369349629626 -3.187115968158841 288.75815057754517 467.44936642050743 
55.94369349629626 -3.187115968158841 SSE 55.943416332436506 -3.1870011631291315 336.9256691932678 524.5214641988277 
55.943416332436506 -3.1870011631291315 SE 55.94320420040215 -3.1867890310947757 336.9256691932678 523.2714641988277 
55.94320420040215 -3.1867890310947757 SE 55.94299206836779 -3.18657689906042 336.9256691932678 522.0214641988277 
55.94299206836779 -3.18657689906042 NNE 55.94326923222755 -3.1864620940307105 336.9256691932678 520.7714641988277 
55.94326923222755 -3.1864620940307105 ENE 55.94338403725726 -3.186184930170957 434.70408868789673 573.4300907552242 
55.94338403725726 -3.186184930170957 S 55.94308403725726 -3.186184930170957 434.70408868789673 572.1800907552242 
55.94308403725726 -3.186184930170957 NE 55.943296169291614 -3.1859727981366013 434.70408868789673 570.9300907552242 
55.943296169291614 -3.1859727981366013 E 55.943296169291614 -3.185672798136601 434.70408868789673 569.6800907552242 
55.943296169291614 -3.185672798136601 W 55.943296169291614 -3.1859727981366013 434.70408868789673 568.4300907552242 
55.943296169291614 -3.1859727981366013 E 55.943296169291614 -3.185672798136601 434.70408868789673 567.1800907552242 
55.943296169291614 -3.185672798136601 ESE 55.9431813642619 -3.1853956342768477 434.70408868789673 565.9300907552242 
55.9431813642619 -3.1853956342768477 WNW 55.943296169291614 -3.185672798136601 434.70408868789673 564.6800907552242 
55.943296169291614 -3.185672798136601 E 55.943296169291614 -3.185372798136601 434.70408868789673 563.4300907552242 
55.943296169291614 -3.185372798136601 SSW 55.94301900543186 -3.1854876031663104 434.70408868789673 562.1800907552242 
55.94301900543186 -3.1854876031663104 NNE 55.943296169291614 -3.185372798136601 434.70408868789673 560.9300907552242 
55.943296169291614 -3.185372798136601 NNW 55.94357333315137 -3.1854876031663104 434.70408868789673 559.6800907552242 
55.94357333315137 -3.1854876031663104 NNW 55.94385049701113 -3.18560240819602 434.70408868789673 558.4300907552242 
55.94385049701113 -3.18560240819602 SW 55.94363836497677 -3.1858145402303757 434.70408868789673 557.1800907552242 
55.94363836497677 -3.1858145402303757 NNW 55.94391552883653 -3.185929345260085 434.70408868789673 555.9300907552242 
55.94391552883653 -3.185929345260085 NNW 55.944192692696284 -3.1860441502897947 434.70408868789673 554.6800907552242 
55.944192692696284 -3.1860441502897947 E 55.944192692696284 -3.1857441502897945 434.70408868789673 553.4300907552242 
55.944192692696284 -3.1857441502897945 W 55.944192692696284 -3.1860441502897947 434.70408868789673 552.1800907552242 
55.944192692696284 -3.1860441502897947 NNW 55.94446985655604 -3.186158955319504 434.70408868789673 550.9300907552242 
55.94446985655604 -3.186158955319504 NE 55.944681988590396 -3.1859468232851484 529.2060418128967 621.8880756795406 
55.944681988590396 -3.1859468232851484 S 55.94438198859039 -3.1859468232851484 529.2060418128967 620.6380756795406 
55.94438198859039 -3.1859468232851484 SSW 55.94410482473064 -3.186061628314858 529.2060418128967 619.3880756795406 
55.94410482473064 -3.186061628314858 WSW 55.94399001970093 -3.1863387921746114 529.2060418128967 618.1380756795406 
55.94399001970093 -3.1863387921746114 SE 55.94377788766657 -3.1861266601402556 529.2060418128967 616.8880756795406 
55.94377788766657 -3.1861266601402556 E 55.94377788766657 -3.1858266601402554 529.2060418128967 615.6380756795406 
55.94377788766657 -3.1858266601402554 NNE 55.94405505152633 -3.185711855110546 529.2060418128967 614.3880756795406 
55.94405505152633 -3.185711855110546 ESE 55.94394024649662 -3.1854346912507925 529.2060418128967 613.1380756795406 
55.94394024649662 -3.1854346912507925 ENE 55.94405505152633 -3.185157527391039 529.2060418128967 611.8880756795406 
55.94405505152633 -3.185157527391039 SSE 55.94377788766657 -3.1850427223613296 529.2060418128967 610.6380756795406 
55.94377788766657 -3.1850427223613296 E 55.94377788766657 -3.1847427223613294 529.2060418128967 609.3880756795406 
55.94377788766657 -3.1847427223613294 S 55.94347788766657 -3.1847427223613294 641.8615822792053 706.6618641316891 
55.94347788766657 -3.1847427223613294 WSW 55.94336308263686 -3.185019886221083 641.8615822792053 705.4118641316891 
55.94336308263686 -3.185019886221083 SE 55.9431509506025 -3.184807754186727 641.8615822792053 704.1618641316891 
55.9431509506025 -3.184807754186727 SSW 55.942873786742744 -3.1849225592164365 641.8615822792053 702.9118641316891 
55.942873786742744 -3.1849225592164365 E 55.942873786742744 -3.1846225592164363 641.8615822792053 701.6618641316891 
55.942873786742744 -3.1846225592164363 NNW 55.9431509506025 -3.184737364246146 641.8615822792053 700.4118641316891 
55.9431509506025 -3.184737364246146 NNW 55.94342811446226 -3.1848521692758553 641.8615822792053 699.1618641316891 
55.94342811446226 -3.1848521692758553 SE 55.9432159824279 -3.1846400372414996 641.8615822792053 697.9118641316891 
55.9432159824279 -3.1846400372414996 SSW 55.942938818568145 -3.184754842271209 641.8615822792053 696.6618641316891 
55.942938818568145 -3.184754842271209 WSW 55.942824013538434 -3.1850320061309625 641.8615822792053 695.4118641316891 
55.942824013538434 -3.1850320061309625 E 55.942824013538434 -3.1847320061309623 641.8615822792053 694.1618641316891 
55.942824013538434 -3.1847320061309623 WSW 55.942709208508724 -3.1850091699907157 641.8615822792053 692.9118641316891 
55.942709208508724 -3.1850091699907157 NW 55.94292134054308 -3.1852213020250715 641.8615822792053 691.6618641316891 
55.94292134054308 -3.1852213020250715 SW 55.942709208508724 -3.1854334340594272 641.8615822792053 690.4118641316891 
55.942709208508724 -3.1854334340594272 E 55.942709208508724 -3.185133434059427 641.8615822792053 689.1618641316891 
55.942709208508724 -3.185133434059427 WNW 55.942824013538434 -3.1854105979191805 641.8615822792053 687.9118641316891 
55.942824013538434 -3.1854105979191805 E 55.942824013538434 -3.1851105979191803 641.8615822792053 686.6618641316891 
55.942824013538434 -3.1851105979191803 ESE 55.942709208508724 -3.184833434059427 641.8615822792053 685.4118641316891 
55.942709208508724 -3.184833434059427 ENE 55.942824013538434 -3.1845562701996735 641.8615822792053 684.1618641316891 
55.942824013538434 -3.1845562701996735 WNW 55.942938818568145 -3.184833434059427 641.8615822792053 682.9118641316891 
55.942938818568145 -3.184833434059427 SSE 55.94266165470839 -3.1847186290297174 641.8615822792053 681.6618641316891 
55.94266165470839 -3.1847186290297174 W 55.94266165470839 -3.1850186290297176 641.8615822792053 680.4118641316891 
55.94266165470839 -3.1850186290297176 NW 55.942873786742744 -3.1852307610640733 641.8615822792053 679.1618641316891 
55.942873786742744 -3.1852307610640733 N 55.94317378674275 -3.1852307610640733 641.8615822792053 677.9118641316891 
55.94317378674275 -3.1852307610640733 NW 55.9433859187771 -3.185442893098429 641.8615822792053 676.6618641316891 
55.9433859187771 -3.185442893098429 NW 55.94359805081146 -3.185655025132785 641.8615822792053 675.4118641316891 
55.94359805081146 -3.185655025132785 SSW 55.9433208869517 -3.1857698301624944 641.8615822792053 674.1618641316891 
55.9433208869517 -3.1857698301624944 SSE 55.94304372309195 -3.185655025132785 641.8615822792053 672.9118641316891 
55.94304372309195 -3.185655025132785 S 55.942743723091944 -3.185655025132785 641.8615822792053 671.6618641316891 
55.942743723091944 -3.185655025132785 E 55.942743723091944 -3.1853550251327847 641.8615822792053 670.4118641316891 
55.942743723091944 -3.1853550251327847 N 55.94304372309195 -3.1853550251327847 641.8615822792053 669.1618641316891 
55.94304372309195 -3.1853550251327847 ESE 55.942928918062236 -3.1850778612730313 641.8615822792053 667.9118641316891 
55.942928918062236 -3.1850778612730313 SSE 55.94265175420248 -3.1849630562433218 641.8615822792053 666.6618641316891 
55.94265175420248 -3.1849630562433218 E 55.94265175420248 -3.1846630562433216 641.8615822792053 665.4118641316891 
55.94265175420248 -3.1846630562433216 NE 55.942863886236836 -3.184450924208966 641.8615822792053 664.1618641316891 
55.942863886236836 -3.184450924208966 NNE 55.94314105009659 -3.1843361191792563 641.8615822792053 662.9118641316891 
55.94314105009659 -3.1843361191792563 W 55.94314105009659 -3.1846361191792565 641.8615822792053 661.6618641316891 
55.94314105009659 -3.1846361191792565 NNW 55.94341821395635 -3.184750924208966 641.8615822792053 660.4118641316891 
55.94341821395635 -3.184750924208966 S 55.943118213956346 -3.184750924208966 641.8615822792053 659.1618641316891 
55.943118213956346 -3.184750924208966 ESE 55.943003408926636 -3.1844737603492126 641.8615822792053 657.9118641316891 
55.943003408926636 -3.1844737603492126 S 55.94270340892663 -3.1844737603492126 641.8615822792053 656.6618641316891 
55.94270340892663 -3.1844737603492126 W 55.94270340892663 -3.184773760349213 641.8615822792053 655.4118641316891 
55.94270340892663 -3.184773760349213 NE 55.94291554096099 -3.184561628314857 641.8615822792053 654.1618641316891 
55.94291554096099 -3.184561628314857 NW 55.943127672995345 -3.184773760349213 641.8615822792053 652.9118641316891 
55.943127672995345 -3.184773760349213 SW 55.94291554096099 -3.1849858923835686 641.8615822792053 651.6618641316891 
55.94291554096099 -3.1849858923835686 NNE 55.943192704820746 -3.184871087353859 641.861582279205