55.944425 -3.188396 SE 55.944212867965646 -3.1881838679656442 73.369384765625 326.0788345336914 
55.944212867965646 -3.1881838679656442 NNW 55.9444900318254 -3.1882986729953537 73.369384765625 324.8288345336914 
55.9444900318254 -3.1882986729953537 SE 55.94427789979105 -3.188086540960998 73.369384765625 323.5788345336914 
55.94427789979105 -3.188086540960998 ESE 55.944163094761336 -3.1878093771012446 73.369384765625 322.3288345336914 
55.944163094761336 -3.1878093771012446 SSE 55.94388593090158 -3.187694572071535 73.369384765625 321.0788345336914 
55.94388593090158 -3.187694572071535 SW 55.94367379886722 -3.187906704105891 73.369384765625 319.8288345336914 
55.94367379886722 -3.187906704105891 E 55.94367379886722 -3.1876067041058906 73.369384765625 318.5788345336914 
55.94367379886722 -3.1876067041058906 W 55.94367379886722 -3.187906704105891 73.369384765625 317.3288345336914 
55.94367379886722 -3.187906704105891 WSW 55.94355899383751 -3.1881838679656442 73.369384765625 316.0788345336914 
55.94355899383751 -3.1881838679656442 SE 55.94334686180316 -3.1879717359312885 73.369384765625 314.8288345336914 
55.94334686180316 -3.1879717359312885 N 55.94364686180316 -3.1879717359312885 73.369384765625 313.5788345336914 
55.94364686180316 -3.1879717359312885 NNW 55.943924025662916 -3.188086540960998 73.369384765625 312.3288345336914 
55.943924025662916 -3.188086540960998 NE 55.94413615769727 -3.187874408926642 73.369384765625 311.0788345336914 
55.94413615769727 -3.187874408926642 SW 55.943924025662916 -3.188086540960998 73.369384765625 309.8288345336914 
55.943924025662916 -3.188086540960998 SE 55.94371189362856 -3.187874408926642 73.369384765625 308.5788345336914 
55.94371189362856 -3.187874408926642 ENE 55.94382669865827 -3.187597245066889 73.369384765625 307.3288345336914 
55.94382669865827 -3.187597245066889 SSW 55.943549534798514 -3.1877120500965983 73.369384765625 306.0788345336914 
55.943549534798514 -3.1877120500965983 SSW 55.94327237093876 -3.187826855126308 73.369384765625 304.8288345336914 
55.94327237093876 -3.187826855126308 ESE 55.94315756590905 -3.1875496912665544 73.369384765625 303.5788345336914 
55.94315756590905 -3.1875496912665544 SE 55.94294543387469 -3.1873375592321986 73.369384765625 302.3288345336914 
55.94294543387469 -3.1873375592321986 W 55.94294543387469 -3.187637559232199 73.369384765625 301.0788345336914 
55.94294543387469 -3.187637559232199 S 55.94264543387469 -3.187637559232199 73.369384765625 299.8288345336914 
55.94264543387469 -3.187637559232199 NW 55.942857565909044 -3.1878496912665546 73.369384765625 298.5788345336914 
55.942857565909044 -3.1878496912665546 SW 55.94264543387469 -3.1880618233009104 73.369384765625 297.3288345336914 
55.94264543387469 -3.1880618233009104 WNW 55.9427602389044 -3.1883389871606638 73.369384765625 296.0788345336914 
55.9427602389044 -3.1883389871606638 NE 55.942972370938755 -3.188126855126308 73.369384765625 294.8288345336914 
55.942972370938755 -3.188126855126308 ENE 55.943087175968465 -3.1878496912665546 73.369384765625 293.5788345336914 
55.943087175968465 -3.1878496912665546 W 55.943087175968465 -3.188149691266555 73.369384765625 292.3288345336914 
55.943087175968465 -3.188149691266555 ENE 55.943201980998175 -3.1878725274068014 73.369384765625 291.0788345336914 
55.943201980998175 -3.1878725274068014 SE 55.94298984896382 -3.1876603953724456 73.369384765625 289.8288345336914 
55.94298984896382 -3.1876603953724456 ESE 55.94287504393411 -3.187383231512692 73.369384765625 288.5788345336914 
55.94287504393411 -3.187383231512692 NE 55.943087175968465 -3.1871710994783364 73.369384765625 287.3288345336914 
55.943087175968465 -3.1871710994783364 SSW 55.94281001210871 -3.187285904508046 73.369384765625 286.0788345336914 
55.94281001210871 -3.187285904508046 N 55.94311001210871 -3.187285904508046 73.369384765625 284.8288345336914 
55.94311001210871 -3.187285904508046 E 55.94311001210871 -3.1869859045080458 73.369384765625 283.5788345336914 
55.94311001210871 -3.1869859045080458 SSE 55.942832848248955 -3.1868710994783362 73.369384765625 282.3288345336914 
55.942832848248955 -3.1868710994783362 ESE 55.942718043219244 -3.186593935618583 73.369384765625 281.0788345336914 
55.942718043219244 -3.186593935618583 W 55.942718043219244 -3.186893935618583 73.369384765625 279.8288345336914 
55.942718043219244 -3.186893935618583 N 55.94301804321925 -3.186893935618583 73.369384765625 278.5788345336914 
55.94301804321925 -3.186893935618583 W 55.94301804321925 -3.187193935618583 73.369384765625 277.3288345336914 
55.94301804321925 -3.187193935618583 SSE 55.94274087935949 -3.1870791305888737 73.369384765625 276.0788345336914 
55.94274087935949 -3.1870791305888737 NE 55.94295301139385 -3.186866998554518 73.369384765625 274.8288345336914 
55.94295301139385 -3.186866998554518 N 55.94325301139385 -3.186866998554518 73.369384765625 273.5788345336914 
55.94325301139385 -3.186866998554518 S 55.94295301139385 -3.186866998554518 73.369384765625 272.3288345336914 
55.94295301139385 -3.186866998554518 NNW 55.9432301752536 -3.1869818035842274 73.369384765625 271.0788345336914 
55.9432301752536 -3.1869818035842274 SE 55.94301804321925 -3.1867696715498717 73.369384765625 269.8288345336914 
55.94301804321925 -3.1867696715498717 N 55.94331804321925 -3.1867696715498717 73.369384765625 268.5788345336914 
55.94331804321925 -3.1867696715498717 S 55.94301804321925 -3.1867696715498717 73.369384765625 267.3288345336914 
55.94301804321925 -3.1867696715498717 WNW 55.94313284824896 -3.187046835409625 73.369384765625 266.0788345336914 
55.94313284824896 -3.187046835409625 W 55.94313284824896 -3.1873468354096253 73.369384765625 264.8288345336914 
55.94313284824896 -3.1873468354096253 SE 55.9429207162146 -3.1871347033752695 73.369384765625 263.5788345336914 
55.9429207162146 -3.1871347033752695 ENE 55.94303552124431 -3.186857539515516 73.369384765625 262.3288345336914 
55.94303552124431 -3.186857539515516 NW 55.94324765327867 -3.187069671549872 73.369384765625 261.0788345336914 
55.94324765327867 -3.187069671549872 E 55.94324765327867 -3.1867696715498717 73.369384765625 259.8288345336914 
55.94324765327867 -3.1867696715498717 NE 55.943459785313024 -3.186557539515516 73.369384765625 258.5788345336914 
55.943459785313024 -3.186557539515516 N 55.94375978531303 -3.186557539515516 105.03108787536621 336.9001998901367 
55.94375978531303 -3.186557539515516 NNW 55.944036949172784 -3.1866723445452254 215.64005851745605 407.0617141723633 
55.944036949172784 -3.1866723445452254 E 55.944036949172784 -3.186372344545225 215.64005851745605 405.8117141723633 
55.944036949172784 -3.186372344545225 SE 55.94382481713843 -3.1861602125108694 215.64005851745605 404.5617141723633 
55.94382481713843 -3.1861602125108694 SE 55.94361268510407 -3.1859480804765137 215.64005851745605 403.3117141723633 
55.94361268510407 -3.1859480804765137 NNE 55.94388984896383 -3.185833275446804 215.64005851745605 402.0617141723633 
55.94388984896383 -3.185833275446804 S 55.943589848963825 -3.185833275446804 215.64005851745605 400.8117141723633 
55.943589848963825 -3.185833275446804 NE 55.94380198099818 -3.1856211434124484 215.64005851745605 399.5617141723633 
55.94380198099818 -3.1856211434124484 E 55.94380198099818 -3.185321143412448 215.64005851745605 398.3117141723633 
55.94380198099818 -3.185321143412448 W 55.94380198099818 -3.1856211434124484 215.64005851745605 397.0617141723633 
55.94380198099818 -3.1856211434124484 E 55.94380198099818 -3.185321143412448 215.64005851745605 395.8117141723633 
55.94380198099818 -3.185321143412448 ESE 55.94368717596847 -3.185043979552695 215.64005851745605 394.5617141723633 
55.94368717596847 -3.185043979552695 WNW 55.94380198099818 -3.185321143412448 215.64005851745605 393.3117141723633 
55.94380198099818 -3.185321143412448 E 55.94380198099818 -3.185021143412448 215.64005851745605 392.0617141723633 
55.94380198099818 -3.185021143412448 SSW 55.943524817138425 -3.1851359484421575 215.64005851745605 390.8117141723633 
55.943524817138425 -3.1851359484421575 NNE 55.94380198099818 -3.185021143412448 215.64005851745605 389.5617141723633 
55.94380198099818 -3.185021143412448 NNW 55.94407914485794 -3.1851359484421575 215.64005851745605 388.3117141723633 
55.94407914485794 -3.1851359484421575 NNW 55.944356308717694 -3.185250753471867 215.64005851745605 387.0617141723633 
55.944356308717694 -3.185250753471867 SW 55.94414417668334 -3.185462885506223 215.64005851745605 385.8117141723633 
55.94414417668334 -3.185462885506223 NNW 55.944421340543094 -3.1855776905359323 215.64005851745605 384.5617141723633 
55.944421340543094 -3.1855776905359323 NNW 55.94469850440285 -3.185692495565642 215.64005851745605 383.3117141723633 
55.94469850440285 -3.185692495565642 NNW 55.94497566826261 -3.1858073005953513 231.35888290405273 475.3537292480469 
55.94497566826261 -3.1858073005953513 E 55.94497566826261 -3.185507300595351 231.35888290405273 474.1037292480469 
55.94497566826261 -3.185507300595351 W 55.94497566826261 -3.1858073005953513 231.35888290405273 472.8537292480469 
55.94497566826261 -3.1858073005953513 NNW 55.945252832122364 -3.185922105625061 231.35888290405273 471.6037292480469 
55.945252832122364 -3.185922105625061 S 55.94495283212236 -3.185922105625061 231.35888290405273 470.3537292480469 
55.94495283212236 -3.185922105625061 SSW 55.944675668262605 -3.1860369106547703 231.35888290405273 469.1037292480469 
55.944675668262605 -3.1860369106547703 WSW 55.944560863232894 -3.1863140745145238 231.35888290405273 467.8537292480469 
55.944560863232894 -3.1863140745145238 SE 55.94434873119854 -3.186101942480168 231.35888290405273 466.6037292480469 
55.94434873119854 -3.186101942480168 E 55.94434873119854 -3.185801942480168 231.35888290405273 465.3537292480469 
55.94434873119854 -3.185801942480168 NNE 55.944625895058294 -3.1856871374504583 231.35888290405273 464.1037292480469 
55.944625895058294 -3.1856871374504583 ESE 55.944511090028584 -3.185409973590705 231.35888290405273 462.8537292480469 
55.944511090028584 -3.185409973590705 ENE 55.944625895058294 -3.1851328097309515 231.35888290405273 461.6037292480469 
55.944625895058294 -3.1851328097309515 SSE 55.94434873119854 -3.185018004701242 231.35888290405273 460.3537292480469 
55.94434873119854 -3.185018004701242 E 55.94434873119854 -3.184718004701242 231.35888290405273 459.1037292480469 
55.94434873119854 -3.184718004701242 WSW 55.94423392616883 -3.184995168560995 231.35888290405273 457.8537292480469 
55.94423392616883 -3.184995168560995 SE 55.94402179413447 -3.1847830365266394 231.35888290405273 456.6037292480469 
55.94402179413447 -3.1847830365266394 SSW 55.943744630274715 -3.184897841556349 231.35888290405273 455.3537292480469 
55.943744630274715 -3.184897841556349 E 55.943744630274715 -3.1845978415563487 231.35888290405273 454.1037292480469 
55.943744630274715 -3.1845978415563487 NNW 55.94402179413447 -3.1847126465860582 231.35888290405273 452.8537292480469 
55.94402179413447 -3.1847126465860582 NNW 55.94429895799423 -3.1848274516157677 231.35888290405273 451.6037292480469 
55.94429895799423 -3.1848274516157677 SE 55.94408682595987 -3.184615319581412 231.35888290405273 450.3537292480469 
55.94408682595987 -3.184615319581412 SSW 55.943809662100115 -3.1847301246111215 231.35888290405273 449.1037292480469 
55.943809662100115 -3.1847301246111215 WSW 55.943694857070405 -3.185007288470875 231.35888290405273 447.8537292480469 
55.943694857070405 -3.185007288470875 E 55.943694857070405 -3.1847072884708747 231.35888290405273 446.6037292480469 
55.943694857070405 -3.1847072884708747 WSW 55.943580052040694 -3.184984452330628 231.35888290405273 445.3537292480469 
55.943580052040694 -3.184984452330628 S 55.94328005204069 -3.184984452330628 231.35888290405273 444.1037292480469 
55.94328005204069 -3.184984452330628 NW 55.94349218407505 -3.185196584364984 231.35888290405273 442.8537292480469 
55.94349218407505 -3.185196584364984 SW 55.94328005204069 -3.1854087163993396 231.35888290405273 441.6037292480469 
55.94328005204069 -3.1854087163993396 E 55.94328005204069 -3.1851087163993395 231.35888290405273 440.3537292480469 
55.94328005204069 -3.1851087163993395 SSW 55.943002888180935 -3.185223521429049 231.35888290405273 439.1037292480469 
55.943002888180935 -3.185223521429049 WNW 55.943117693210645 -3.1855006852888024 231.35888290405273 437.8537292480469 
55.943117693210645 -3.1855006852888024 SSE 55.94284052935089 -3.185385880259093 231.35888290405273 436.6037292480469 
55.94284052935089 -3.185385880259093 E 55.94284052935089 -3.1850858802590927 231.35888290405273 435.3537292480469 
55.94284052935089 -3.1850858802590927 ESE 55.94272572432118 -3.1848087163993393 231.35888290405273 434.1037292480469 
55.94272572432118 -3.1848087163993393 ENE 55.94284052935089 -3.184531552539586 231.35888290405273 432.8537292480469 
55.94284052935089 -3.184531552539586 WNW 55.9429553343806 -3.1848087163993393 231.35888290405273 431.6037292480469 
55.9429553343806 -3.1848087163993393 SSE 55.94267817052084 -3.1846939113696298 231.35888290405273 430.3537292480469 
55.94267817052084 -3.1846939113696298 W 55.94267817052084 -3.18499391136963 231.35888290405273 429.1037292480469 
55.94267817052084 -3.18499391136963 NW 55.9428903025552 -3.1852060434039857 231.35888290405273 427.8537292480469 
55.9428903025552 -3.1852060434039857 N 55.9431903025552 -3.1852060434039857 231.35888290405273 426.6037292480469 
55.9431903025552 -3.1852060434039857 NW 55.94340243458956 -3.1854181754383415 231.35888290405273 425.3537292480469 
55.94340243458956 -3.1854181754383415 NW 55.943614566623914 -3.1856303074726973 231.35888290405273 424.1037292480469 
55.943614566623914 -3.1856303074726973 SSW 55.94333740276416 -3.1857451125024068 231.35888290405273 422.8537292480469 
55.94333740276416 -3.1857451125024068 SSE 55.9430602389044 -3.1856303074726973 231.35888290405273 421.6037292480469 
55.9430602389044 -3.1856303074726973 S 55.9427602389044 -3.1856303074726973 231.35888290405273 420.3537292480469 
55.9427602389044 -3.1856303074726973 E 55.9427602389044 -3.185330307472697 231.35888290405273 419.1037292480469 
55.9427602389044 -3.185330307472697 N 55.9430602389044 -3.185330307472697 231.35888290405273 417.8537292480469 
55.9430602389044 -3.185330307472697 ESE 55.94294543387469 -3.1850531436129437 231.35888290405273 416.6037292480469 
55.94294543387469 -3.1850531436129437 SSE 55.942668270014934 -3.184938338583234 231.35888290405273 415.3537292480469 
55.942668270014934 -3.184938338583234 E 55.942668270014934 -3.184638338583234 231.35888290405273 414.1037292480469 
55.942668270014934 -3.184638338583234 NE 55.94288040204929 -3.184426206548878 231.35888290405273 412.8537292480469 
55.94288040204929 -3.184426206548878 W 55.94288040204929 -3.1847262065488784 231.35888290405273 411.6037292480469 
55.94288040204929 -3.1847262065488784 NNW 55.94315756590905 -3.184841011578588 231.35888290405273 410.3537292480469 
55.94315756590905 -3.184841011578588 S 55.942857565909044 -3.184841011578588 231.35888290405273 409.1037292480469 
55.942857565909044 -3.184841011578588 ESE 55.942742760879334 -3.1845638477188345 231.35888290405273 407.8537292480469 
55.942742760879334 -3.1845638477188345 W 55.942742760879334 -3.1848638477188347 231.35888290405273 406.6037292480469 
55.942742760879334 -3.1848638477188347 NE 55.94295489291369 -3.184651715684479 231.35888290405273 405.3537292480469 
55.94295489291369 -3.184651715684479 NW 55.943167024948046 -3.1848638477188347 231.35888290405273 404.1037292480469 
55.943167024948046 -3.1848638477188347 SW 55.94295489291369 -3.1850759797531905 231.35888290405273 402.8537292480469 
55.94295489291369 -3.1850759797531905 NNE 55.94323205677345 -3.184961174723481 231.35888290405273 401.6037292480469 
55.94323205677345 -3.184961174723481 S 55.942932056773444 -3.184961174723481 231.35888290405273 400.3537292480469 
55.942932056773444 -3.184961174723481 ESE 55.94281725174373 -3.1846840108637275 231.35888290405273 399.1037292480469 
55.94281725174373 -3.1846840108637275 ESE 55.94270244671402 -3.184406847003974 231.35888290405273 397.8537292480469 
55.94270244671402 -3.184406847003974 WNW 55.94281725174373 -3.1846840108637275 231.35888290405273 396.6037292480469 
55.94281725174373 -3.1846840108637275 NW 55.94302938377809 -3.1848961428980833 231.35888290405273 395.3537292