55.944425 -3.188396 NNW 55.94470216385976 -3.1885108050297095 0.0 248.75 
55.94470216385976 -3.1885108050297095 NNE 55.944979327719516 -3.188396 25.52086067199707 275.4968032836914 
55.944979327719516 -3.188396 SE 55.94476719568516 -3.1881838679656442 25.52086067199707 274.2468032836914 
55.94476719568516 -3.1881838679656442 SW 55.9445550636508 -3.188396 25.52086067199707 272.9968032836914 
55.9445550636508 -3.188396 W 55.9445550636508 -3.188696 25.52086067199707 271.7468032836914 
55.9445550636508 -3.188696 WSW 55.94444025862109 -3.1889731638597536 25.52086067199707 270.4968032836914 
55.94444025862109 -3.1889731638597536 SE 55.94422812658674 -3.188761031825398 25.52086067199707 269.2468032836914 
55.94422812658674 -3.188761031825398 N 55.94452812658674 -3.188761031825398 25.52086067199707 267.9968032836914 
55.94452812658674 -3.188761031825398 NNW 55.944805290446496 -3.1888758368551073 25.52086067199707 266.7468032836914 
55.944805290446496 -3.1888758368551073 NE 55.94501742248085 -3.1886637048207516 25.52086067199707 265.4968032836914 
55.94501742248085 -3.1886637048207516 SW 55.944805290446496 -3.1888758368551073 25.52086067199707 264.2468032836914 
55.944805290446496 -3.1888758368551073 SE 55.94459315841214 -3.1886637048207516 25.52086067199707 262.9968032836914 
55.94459315841214 -3.1886637048207516 ENE 55.94470796344185 -3.188386540960998 25.52086067199707 261.7468032836914 
55.94470796344185 -3.188386540960998 SSW 55.94443079958209 -3.1885013459907077 25.52086067199707 260.4968032836914 
55.94443079958209 -3.1885013459907077 SSW 55.94415363572234 -3.188616151020417 25.52086067199707 259.2468032836914 
55.94415363572234 -3.188616151020417 ESE 55.94403883069263 -3.1883389871606638 25.52086067199707 257.9968032836914 
55.94403883069263 -3.1883389871606638 SE 55.94382669865827 -3.188126855126308 25.52086067199707 256.7468032836914 
55.94382669865827 -3.188126855126308 W 55.94382669865827 -3.188426855126308 25.52086067199707 255.4968032836914 
55.94382669865827 -3.188426855126308 S 55.94352669865827 -3.188426855126308 25.52086067199707 254.2468032836914 
55.94352669865827 -3.188426855126308 NW 55.943738830692624 -3.188638987160664 25.52086067199707 252.9968032836914 
55.943738830692624 -3.188638987160664 SW 55.94352669865827 -3.1888511191950197 25.52086067199707 251.7468032836914 
55.94352669865827 -3.1888511191950197 WSW 55.94341189362856 -3.189128283054773 25.52086067199707 250.4968032836914 
55.94341189362856 -3.189128283054773 WNW 55.94352669865827 -3.1894054469145265 25.52086067199707 249.2468032836914 
55.94352669865827 -3.1894054469145265 NE 55.943738830692624 -3.1891933148801708 25.52086067199707 247.9968032836914 
55.943738830692624 -3.1891933148801708 ENE 55.943853635722334 -3.1889161510204174 25.52086067199707 246.7468032836914 
55.943853635722334 -3.1889161510204174 W 55.943853635722334 -3.1892161510204176 25.52086067199707 245.4968032836914 
55.943853635722334 -3.1892161510204176 ENE 55.943968440752045 -3.188938987160664 25.52086067199707 244.2468032836914 
55.943968440752045 -3.188938987160664 SE 55.94375630871769 -3.1887268551263084 25.52086067199707 242.9968032836914 
55.94375630871769 -3.1887268551263084 ESE 55.94364150368798 -3.188449691266555 25.52086067199707 241.7468032836914 
55.94364150368798 -3.188449691266555 NE 55.943853635722334 -3.188237559232199 25.52086067199707 240.4968032836914 
55.943853635722334 -3.188237559232199 SSW 55.94357647186258 -3.1883523642619087 25.52086067199707 239.2468032836914 
55.94357647186258 -3.1883523642619087 S 55.943276471862575 -3.1883523642619087 25.52086067199707 237.9968032836914 
55.943276471862575 -3.1883523642619087 N 55.94357647186258 -3.1883523642619087 25.52086067199707 236.7468032836914 
55.94357647186258 -3.1883523642619087 E 55.94357647186258 -3.1880523642619085 25.52086067199707 235.4968032836914 
55.94357647186258 -3.1880523642619085 SSE 55.94329930800282 -3.187937559232199 25.52086067199707 234.2468032836914 
55.94329930800282 -3.187937559232199 SSE 55.943022144143065 -3.1878227542024895 25.52086067199707 232.9968032836914 
55.943022144143065 -3.1878227542024895 E 55.943022144143065 -3.1875227542024893 48.32767677307129 274.11170959472656 
55.943022144143065 -3.1875227542024893 SSE 55.94274498028331 -3.18740794917278 137.31501960754395 349.33602142333984 
55.94274498028331 -3.18740794917278 ESE 55.9426301752536 -3.1871307853130264 137.31501960754395 348.08602142333984 
55.9426301752536 -3.1871307853130264 W 55.9426301752536 -3.1874307853130266 137.31501960754395 346.83602142333984 
55.9426301752536 -3.1874307853130266 N 55.9429301752536 -3.1874307853130266 137.31501960754395 345.58602142333984 
55.9429301752536 -3.1874307853130266 W 55.9429301752536 -3.187730785313027 137.31501960754395 344.33602142333984 
55.9429301752536 -3.187730785313027 SSE 55.942653011393844 -3.1876159802833173 137.31501960754395 343.08602142333984 
55.942653011393844 -3.1876159802833173 NE 55.9428651434282 -3.1874038482489615 137.31501960754395 341.83602142333984 
55.9428651434282 -3.1874038482489615 N 55.9431651434282 -3.1874038482489615 137.31501960754395 340.58602142333984 
55.9431651434282 -3.1874038482489615 S 55.9428651434282 -3.1874038482489615 137.31501960754395 339.33602142333984 
55.9428651434282 -3.1874038482489615 NNW 55.94314230728796 -3.187518653278671 137.31501960754395 338.08602142333984 
55.94314230728796 -3.187518653278671 SE 55.9429301752536 -3.1873065212443152 137.31501960754395 336.83602142333984 
55.9429301752536 -3.1873065212443152 N 55.9432301752536 -3.1873065212443152 137.31501960754395 335.58602142333984 
55.9432301752536 -3.1873065212443152 NNW 55.94350733911336 -3.1874213262740247 168.50368309020996 439.34098052978516 
55.94350733911336 -3.1874213262740247 S 55.94320733911336 -3.1874213262740247 168.50368309020996 438.09098052978516 
55.94320733911336 -3.1874213262740247 WNW 55.94332214414307 -3.187698490133778 168.50368309020996 436.84098052978516 
55.94332214414307 -3.187698490133778 W 55.94332214414307 -3.1879984901337783 168.50368309020996 435.59098052978516 
55.94332214414307 -3.1879984901337783 SE 55.94311001210871 -3.1877863580994226 168.50368309020996 434.34098052978516 
55.94311001210871 -3.1877863580994226 ENE 55.94322481713842 -3.187509194239669 168.50368309020996 433.09098052978516 
55.94322481713842 -3.187509194239669 NW 55.94343694917278 -3.187721326274025 168.50368309020996 431.84098052978516 
55.94343694917278 -3.187721326274025 E 55.94343694917278 -3.1874213262740247 168.50368309020996 430.59098052978516 
55.94343694917278 -3.1874213262740247 NE 55.943649081207134 -3.187209194239669 168.50368309020996 429.34098052978516 
55.943649081207134 -3.187209194239669 E 55.943649081207134 -3.186909194239669 168.50368309020996 428.09098052978516 
55.943649081207134 -3.186909194239669 SE 55.94343694917278 -3.186697062205313 168.50368309020996 426.84098052978516 
55.94343694917278 -3.186697062205313 E 55.94343694917278 -3.186397062205313 222.54301261901855 453.19135665893555 
55.94343694917278 -3.186397062205313 SSE 55.94315978531302 -3.1862822571756033 265.3709125518799 474.1498203277588 
55.94315978531302 -3.1862822571756033 SE 55.942947653278665 -3.1860701251412475 265.3709125518799 472.8998203277588 
55.942947653278665 -3.1860701251412475 E 55.942947653278665 -3.1857701251412474 377.16932106018066 506.1181392669678 
55.942947653278665 -3.1857701251412474 NNE 55.94322481713842 -3.185655320111538 377.16932106018066 504.8681392669678 
55.94322481713842 -3.185655320111538 S 55.94292481713842 -3.185655320111538 377.16932106018066 503.6181392669678 
55.94292481713842 -3.185655320111538 NE 55.943136949172775 -3.185443188077182 377.16932106018066 502.3681392669678 
55.943136949172775 -3.185443188077182 W 55.943136949172775 -3.1857431880771823 377.16932106018066 501.1181392669678 
55.943136949172775 -3.1857431880771823 E 55.943136949172775 -3.185443188077182 377.16932106018066 499.8681392669678 
55.943136949172775 -3.185443188077182 ESE 55.943022144143065 -3.1851660242174287 377.16932106018066 498.6181392669678 
55.943022144143065 -3.1851660242174287 WNW 55.943136949172775 -3.185443188077182 377.16932106018066 497.3681392669678 
55.943136949172775 -3.185443188077182 SSW 55.94285978531302 -3.1855579931068916 377.16932106018066 496.1181392669678 
55.94285978531302 -3.1855579931068916 NNE 55.943136949172775 -3.185443188077182 377.16932106018066 494.8681392669678 
55.943136949172775 -3.185443188077182 NNW 55.94341411303253 -3.1855579931068916 377.16932106018066 493.6181392669678 
55.94341411303253 -3.1855579931068916 NNE 55.94369127689229 -3.185443188077182 396.67773246765137 567.0751399993896 
55.94369127689229 -3.185443188077182 NNW 55.943968440752045 -3.1855579931068916 396.67773246765137 565.8251399993896 
55.943968440752045 -3.1855579931068916 SW 55.94375630871769 -3.1857701251412474 396.67773246765137 564.5751399993896 
55.94375630871769 -3.1857701251412474 NNW 55.944033472577445 -3.185884930170957 396.67773246765137 563.3251399993896 
55.944033472577445 -3.185884930170957 NNW 55.9443106364372 -3.1859997352006664 396.67773246765137 562.0751399993896 
55.9443106364372 -3.1859997352006664 E 55.9443106364372 -3.185699735200666 396.67773246765137 560.8251399993896 
55.9443106364372 -3.185699735200666 W 55.9443106364372 -3.1859997352006664 396.67773246765137 559.5751399993896 
55.9443106364372 -3.1859997352006664 NNW 55.94458780029696 -3.186114540230376 396.67773246765137 558.3251399993896 
55.94458780029696 -3.186114540230376 S 55.944287800296955 -3.186114540230376 396.67773246765137 557.0751399993896 
55.944287800296955 -3.186114540230376 WSW 55.944172995267245 -3.1863917040901293 493.439733505249 589.447603225708 
55.944172995267245 -3.1863917040901293 SSW 55.94389583140749 -3.186506509119839 493.439733505249 588.197603225708 
55.94389583140749 -3.186506509119839 WSW 55.94378102637778 -3.186783672979592 493.439733505249 586.947603225708 
55.94378102637778 -3.186783672979592 SE 55.94356889434342 -3.1865715409452364 493.439733505249 585.697603225708 
55.94356889434342 -3.1865715409452364 E 55.94356889434342 -3.1862715409452362 493.439733505249 584.447603225708 
55.94356889434342 -3.1862715409452362 NNE 55.94384605820318 -3.1861567359155267 493.439733505249 583.197603225708 
55.94384605820318 -3.1861567359155267 ESE 55.94373125317347 -3.1858795720557733 493.439733505249 581.947603225708 
55.94373125317347 -3.1858795720557733 ENE 55.94384605820318 -3.18560240819602 493.439733505249 580.697603225708 
55.94384605820318 -3.18560240819602 SSE 55.94356889434342 -3.1854876031663104 493.439733505249 579.447603225708 
55.94356889434342 -3.1854876031663104 E 55.94356889434342 -3.18518760316631 493.439733505249 578.197603225708 
55.94356889434342 -3.18518760316631 WSW 55.94345408931371 -3.1854647670260636 493.439733505249 576.947603225708 
55.94345408931371 -3.1854647670260636 SSW 55.943176925453955 -3.185579572055773 493.439733505249 575.697603225708 
55.943176925453955 -3.185579572055773 NNW 55.94345408931371 -3.1856943770854826 493.439733505249 574.447603225708 
55.94345408931371 -3.1856943770854826 NNW 55.94373125317347 -3.185809182115192 493.439733505249 573.197603225708 
55.94373125317347 -3.185809182115192 SE 55.94351912113911 -3.1855970500808364 493.439733505249 571.947603225708 
55.94351912113911 -3.1855970500808364 SSW 55.943241957279355 -3.185711855110546 493.439733505249 570.697603225708 
55.943241957279355 -3.185711855110546 WSW 55.943127152249644 -3.1859890189702993 493.439733505249 569.447603225708 
55.943127152249644 -3.1859890189702993 E 55.943127152249644 -3.185689018970299 493.439733505249 568.197603225708 
55.943127152249644 -3.185689018970299 WSW 55.943012347219934 -3.1859661828300525 493.439733505249 566.947603225708 
55.943012347219934 -3.1859661828300525 S 55.94271234721993 -3.1859661828300525 493.439733505249 565.697603225708 
55.94271234721993 -3.1859661828300525 NW 55.94292447925429 -3.1861783148644083 493.439733505249 564.447603225708 
55.94292447925429 -3.1861783148644083 SW 55.94271234721993 -3.186390446898764 493.439733505249 563.197603225708 
55.94271234721993 -3.186390446898764 E 55.94271234721993 -3.186090446898764 493.439733505249 561.947603225708 
55.94271234721993 -3.186090446898764 WNW 55.94282715224964 -3.1863676107585173 493.439733505249 560.697603225708 
55.94282715224964 -3.1863676107585173 E 55.94282715224964 -3.186067610758517 493.439733505249 559.447603225708 
55.94282715224964 -3.186067610758517 ESE 55.94271234721993 -3.1857904468987637 493.439733505249 558.197603225708 
55.94271234721993 -3.1857904468987637 ENE 55.94282715224964 -3.1855132830390103 493.439733505249 556.947603225708 
55.94282715224964 -3.1855132830390103 ESE 55.94271234721993 -3.185236119179257 493.439733505249 555.697603225708 
55.94271234721993 -3.185236119179257 E 55.94271234721993 -3.1849361191792567 493.439733505249 554.447603225708 
55.94271234721993 -3.1849361191792567 WNW 55.94282715224964 -3.18521328303901 493.439733505249 553.197603225708 
55.94282715224964 -3.18521328303901 ESE 55.94271234721993 -3.1849361191792567 493.439733505249 551.947603225708 
55.94271234721993 -3.1849361191792567 W 55.94271234721993 -3.185236119179257 493.439733505249 550.697603225708 
55.94271234721993 -3.185236119179257 NW 55.94292447925429 -3.1854482512136126 493.439733505249 549.447603225708 
55.94292447925429 -3.1854482512136126 N 55.94322447925429 -3.1854482512136126 493.439733505249 548.197603225708 
55.94322447925429 -3.1854482512136126 NW 55.94343661128865 -3.1856603832479684 493.439733505249 546.947603225708 
55.94343661128865 -3.1856603832479684 NW 55.943648743323 -3.185872515282324 493.439733505249 545.697603225708 
55.943648743323 -3.185872515282324 SSW 55.943371579463246 -3.1859873203120337 493.439733505249 544.447603225708 
55.943371579463246 -3.1859873203120337 SSE 55.94309441560349 -3.185872515282324 493.439733505249 543.197603225708 
55.94309441560349 -3.185872515282324 S 55.94279441560349 -3.185872515282324 493.439733505249 541.947603225708 
55.94279441560349 -3.185872515282324 E 55.94279441560349 -3.185572515282324 493.439733505249 540.697603225708 
55.94279441560349 -3.185572515282324 N 55.94309441560349 -3.185572515282324 493.439733505249 539.447603225708 
55.94309441560349 -3.185572515282324 ESE 55.94297961057378 -3.1852953514225706 493.439733505249 538.197603225708 
55.94297961057378 -3.1852953514225706 SSE 55.94270244671402 -3.185180546392861 493.439733505249 536.947603225708 
55.94270244671402 -3.185180546392861 E 55.94270244671402 -3.184880546392861 493.439733505249 535.697603225708 
55.94270244671402 -3.184880546392861 NE 55.94291457874838 -3.184668414358505 493.439733505249 534.447603225708 
55.94291457874838 -3.184668414358505 N 55.94321457874838 -3.184668414358505 604.5777187347412 651.1445789337158 
55.94321457874838 -3.184668414358505 SE 55.943002446714026 -3.1844562823241493 604.5777187347412 649.8945789337158 
55.943002446714026 -3.1844562823241493 NNE 55.94327961057378 -3.18434147729444 604.5777187347412 648.6445789337158 
55.94327961057378 -3.18434147729444 W 55.94327961057378 -3.18464147729444 604.5777187347412 647.3945789337158 
55.94327961057378 -3.18464147729444 NNW 55.94355677443354 -3.1847562823241495 604.5777187347412 646.1445789337158 
55.94355677443354 -3.1847562823241495 S 55.943256774433536 -3.1847562823241495 604.5777187347412 644.8945789337158 
55.943256774433536 -3.1847562823241495 ESE 55.943141969403825 -3.184479118464396 604.5777187347412 643.6445789337158 
55.943141969403825 -3.184479118464396 S 55.94284196940382 -3.184479118464396 604.5777187347412 642.3945789337158 
55.94284196940382 -3.184479118464396 W 55.94284196940382 -3.1847791184643963 604.5777187347412 641.1445789337158 
55.94284196940382 -3.1847791184643963 NE 55.94305410143818 -3.1845669864300405 604.5777187347412 639.8945789337158 
55.94305410143818 -3.1845669864300405 NW 55.943266233472535 -3.1847791184643963 604.5777187347412 638.6445789337158 
55.943266233472535 -3.1847791184643963 SW 55.94305410143818 -3.184991250498752 604.5777187347412 637.3945789337158 
55.94305410143818 -3.184991250498752 NNE 55.943331265297935 -3.1848764454690426 604.5777187347412 636.1445789337158 
55.943331265297935 -3.1848764454690426 S 55.94303126529793 -3.1848764454690426 604.577