55.944425 -3.188396 ESE 55.94431019497029 -3.1881188361402466 73.26874542236328 270.9655075073242 
55.94431019497029 -3.1881188361402466 NNW 55.94458735883005 -3.188233641169956 73.26874542236328 269.7155075073242 
55.94458735883005 -3.188233641169956 SE 55.94437522679569 -3.1880215091356003 73.26874542236328 268.4655075073242 
55.94437522679569 -3.1880215091356003 ESE 55.94426042176598 -3.187744345275847 73.26874542236328 267.2155075073242 
55.94426042176598 -3.187744345275847 SSE 55.943983257906226 -3.1876295402461374 73.26874542236328 265.9655075073242 
55.943983257906226 -3.1876295402461374 SW 55.94377112587187 -3.187841672280493 73.26874542236328 264.7155075073242 
55.94377112587187 -3.187841672280493 E 55.94377112587187 -3.187541672280493 73.26874542236328 263.4655075073242 
55.94377112587187 -3.187541672280493 W 55.94377112587187 -3.187841672280493 73.26874542236328 262.2155075073242 
55.94377112587187 -3.187841672280493 WSW 55.94365632084216 -3.1881188361402466 73.26874542236328 260.9655075073242 
55.94365632084216 -3.1881188361402466 SE 55.9434441888078 -3.187906704105891 73.26874542236328 259.7155075073242 
55.9434441888078 -3.187906704105891 N 55.943744188807806 -3.187906704105891 73.26874542236328 258.4655075073242 
55.943744188807806 -3.187906704105891 NNW 55.94402135266756 -3.1880215091356003 73.26874542236328 257.2155075073242 
55.94402135266756 -3.1880215091356003 NE 55.94423348470192 -3.1878093771012446 73.26874542236328 255.96550750732422 
55.94423348470192 -3.1878093771012446 SW 55.94402135266756 -3.1880215091356003 73.26874542236328 254.71550750732422 
55.94402135266756 -3.1880215091356003 SE 55.943809220633206 -3.1878093771012446 73.26874542236328 253.46550750732422 
55.943809220633206 -3.1878093771012446 SSW 55.94353205677345 -3.187924182130954 73.26874542236328 252.21550750732422 
55.94353205677345 -3.187924182130954 SSW 55.94325489291369 -3.1880389871606636 73.26874542236328 250.96550750732422 
55.94325489291369 -3.1880389871606636 ESE 55.94314008788398 -3.18776182330091 73.26874542236328 249.71550750732422 
55.94314008788398 -3.18776182330091 SE 55.942927955849626 -3.1875496912665544 73.26874542236328 248.46550750732422 
55.942927955849626 -3.1875496912665544 W 55.942927955849626 -3.1878496912665546 73.26874542236328 247.21550750732422 
55.942927955849626 -3.1878496912665546 S 55.94262795584962 -3.1878496912665546 73.26874542236328 245.96550750732422 
55.94262795584962 -3.1878496912665546 NW 55.94284008788398 -3.1880618233009104 73.26874542236328 244.71550750732422 
55.94284008788398 -3.1880618233009104 SW 55.94262795584962 -3.188273955335266 73.26874542236328 243.46550750732422 
55.94262795584962 -3.188273955335266 WNW 55.942742760879334 -3.1885511191950195 73.26874542236328 242.21550750732422 
55.942742760879334 -3.1885511191950195 NE 55.94295489291369 -3.1883389871606638 73.26874542236328 240.96550750732422 
55.94295489291369 -3.1883389871606638 ENE 55.9430696979434 -3.1880618233009104 73.26874542236328 239.71550750732422 
55.9430696979434 -3.1880618233009104 ENE 55.94318450297311 -3.187784659441157 73.26874542236328 238.46550750732422 
55.94318450297311 -3.187784659441157 SE 55.942972370938755 -3.187572527406801 73.26874542236328 237.21550750732422 
55.942972370938755 -3.187572527406801 ESE 55.942857565909044 -3.187295363547048 73.26874542236328 235.96550750732422 
55.942857565909044 -3.187295363547048 NE 55.9430696979434 -3.187083231512692 73.26874542236328 234.71550750732422 
55.9430696979434 -3.187083231512692 ENE 55.94318450297311 -3.1868060676529386 125.99253463745117 302.57837677001953 
55.94318450297311 -3.1868060676529386 SSW 55.942907339113354 -3.186920872682648 125.99253463745117 301.32837677001953 
55.942907339113354 -3.186920872682648 N 55.94320733911336 -3.186920872682648 125.99253463745117 300.07837677001953 
55.94320733911336 -3.186920872682648 E 55.94320733911336 -3.186620872682648 125.99253463745117 298.82837677001953 
55.94320733911336 -3.186620872682648 SSE 55.9429301752536 -3.1865060676529384 125.99253463745117 297.57837677001953 
55.9429301752536 -3.1865060676529384 ESE 55.94281537022389 -3.186228903793185 147.80816841125488 338.284725189209 
55.94281537022389 -3.186228903793185 ESE 55.94270056519418 -3.1859517399334316 147.80816841125488 337.034725189209 
55.94270056519418 -3.1859517399334316 W 55.94270056519418 -3.186251739933432 147.80816841125488 335.784725189209 
55.94270056519418 -3.186251739933432 N 55.94300056519418 -3.186251739933432 147.80816841125488 334.534725189209 
55.94300056519418 -3.186251739933432 W 55.94300056519418 -3.186551739933432 147.80816841125488 333.284725189209 
55.94300056519418 -3.186551739933432 SSE 55.942723401334426 -3.1864369349037225 147.80816841125488 332.034725189209 
55.942723401334426 -3.1864369349037225 NE 55.94293553336878 -3.1862248028693667 147.80816841125488 330.784725189209 
55.94293553336878 -3.1862248028693667 N 55.943235533368785 -3.1862248028693667 147.80816841125488 329.534725189209 
55.943235533368785 -3.1862248028693667 S 55.94293553336878 -3.1862248028693667 147.80816841125488 328.284725189209 
55.94293553336878 -3.1862248028693667 NNW 55.94321269722854 -3.186339607899076 147.80816841125488 327.034725189209 
55.94321269722854 -3.186339607899076 SE 55.94300056519418 -3.1861274758647204 147.80816841125488 325.784725189209 
55.94300056519418 -3.1861274758647204 N 55.943300565194185 -3.1861274758647204 147.80816841125488 324.534725189209 
55.943300565194185 -3.1861274758647204 S 55.94300056519418 -3.1861274758647204 147.80816841125488 323.284725189209 
55.94300056519418 -3.1861274758647204 WNW 55.94311537022389 -3.186404639724474 147.80816841125488 322.034725189209 
55.94311537022389 -3.186404639724474 W 55.94311537022389 -3.186704639724474 147.80816841125488 320.784725189209 
55.94311537022389 -3.186704639724474 SE 55.94290323818954 -3.1864925076901183 147.80816841125488 319.534725189209 
55.94290323818954 -3.1864925076901183 ENE 55.94301804321925 -3.186215343830365 147.80816841125488 318.284725189209 
55.94301804321925 -3.186215343830365 NW 55.9432301752536 -3.1864274758647206 147.80816841125488 317.034725189209 
55.9432301752536 -3.1864274758647206 E 55.9432301752536 -3.1861274758647204 147.80816841125488 315.784725189209 
55.9432301752536 -3.1861274758647204 NE 55.94344230728796 -3.1859153438303647 147.80816841125488 314.534725189209 
55.94344230728796 -3.1859153438303647 ENE 55.94355711231767 -3.1856381799706113 206.011869430542 375.2171821594238 
55.94355711231767 -3.1856381799706113 E 55.94355711231767 -3.185338179970611 206.011869430542 373.9671821594238 
55.94355711231767 -3.185338179970611 SE 55.943344980283314 -3.1851260479362553 206.011869430542 372.7171821594238 
55.943344980283314 -3.1851260479362553 SE 55.94313284824896 -3.1849139159018995 206.011869430542 371.4671821594238 
55.94313284824896 -3.1849139159018995 NNE 55.943410012108714 -3.18479911087219 206.011869430542 370.2171821594238 
55.943410012108714 -3.18479911087219 S 55.94311001210871 -3.18479911087219 206.011869430542 368.9671821594238 
55.94311001210871 -3.18479911087219 NE 55.94332214414307 -3.1845869788378343 206.011869430542 367.7171821594238 
55.94332214414307 -3.1845869788378343 W 55.94332214414307 -3.1848869788378344 206.011869430542 366.4671821594238 
55.94332214414307 -3.1848869788378344 E 55.94332214414307 -3.1845869788378343 206.011869430542 365.2171821594238 
55.94332214414307 -3.1845869788378343 WNW 55.94343694917278 -3.1848641426975877 206.011869430542 363.9671821594238 
55.94343694917278 -3.1848641426975877 E 55.94343694917278 -3.1845641426975875 206.011869430542 362.7171821594238 
55.94343694917278 -3.1845641426975875 SSW 55.94315978531302 -3.184678947727297 206.011869430542 361.4671821594238 
55.94315978531302 -3.184678947727297 NNE 55.94343694917278 -3.1845641426975875 206.011869430542 360.2171821594238 
55.94343694917278 -3.1845641426975875 NNW 55.943714113032534 -3.184678947727297 206.011869430542 358.9671821594238 
55.943714113032534 -3.184678947727297 N 55.94401411303254 -3.184678947727297 296.30265617370605 478.7242622375488 
55.94401411303254 -3.184678947727297 NNW 55.944291276892294 -3.1847937527570065 296.30265617370605 477.4742622375488 
55.944291276892294 -3.1847937527570065 SW 55.94407914485794 -3.1850058847913623 296.30265617370605 476.2242622375488 
55.94407914485794 -3.1850058847913623 NNW 55.944356308717694 -3.1851206898210718 296.30265617370605 474.9742622375488 
55.944356308717694 -3.1851206898210718 N 55.9446563087177 -3.1851206898210718 381.88294792175293 529.2271308898926 
55.9446563087177 -3.1851206898210718 NNW 55.94493347257745 -3.1852354948507813 381.88294792175293 527.9771308898926 
55.94493347257745 -3.1852354948507813 N 55.945233472577456 -3.1852354948507813 400.0367240905762 620.6167411804199 
55.945233472577456 -3.1852354948507813 E 55.945233472577456 -3.184935494850781 400.0367240905762 619.3667411804199 
55.945233472577456 -3.184935494850781 ENE 55.94534827760717 -3.1846583309910277 414.5277261734009 638.3708171844482 
55.94534827760717 -3.1846583309910277 W 55.94534827760717 -3.184958330991028 414.5277261734009 637.1208171844482 
55.94534827760717 -3.184958330991028 NNW 55.94562544146692 -3.1850731360207374 414.5277261734009 635.8708171844482 
55.94562544146692 -3.1850731360207374 ENE 55.945740246496634 -3.184795972160984 535.9295892715454 657.1555995941162 
55.945740246496634 -3.184795972160984 NW 55.94595237853099 -3.1850081041953398 637.2354898452759 687.5718383789062 
55.94595237853099 -3.1850081041953398 SW 55.945740246496634 -3.1852202362296955 695.8143854141235 716.4261894226074 
55.945740246496634 -3.1852202362296955 S 55.94544024649663 -3.1852202362296955 695.8143854141235 715.1761894226074 
55.94544024649663 -3.1852202362296955 SSW 55.945163082636874 -3.185335041259405 695.8143854141235 713.9261894226074 
55.945163082636874 -3.185335041259405 WSW 55.945048277607164 -3.1856122051191584 695.8143854141235 712.6761894226074 
55.945048277607164 -3.1856122051191584 SE 55.94483614557281 -3.1854000730848027 695.8143854141235 711.4261894226074 
55.94483614557281 -3.1854000730848027 E 55.94483614557281 -3.1851000730848025 695.8143854141235 710.1761894226074 
55.94483614557281 -3.1851000730848025 NNE 55.945113309432564 -3.184985268055093 695.8143854141235 708.9261894226074 
55.945113309432564 -3.184985268055093 ESE 55.944998504402854 -3.1847081041953396 695.8143854141235 707.6761894226074 
55.944998504402854 -3.1847081041953396 ENE 55.945113309432564 -3.184430940335586 695.8143854141235 706.4261894226074 
55.945113309432564 -3.184430940335586 WSW 55.944998504402854 -3.1847081041953396 695.8143854141235 705.1761894226074 
55.944998504402854 -3.1847081041953396 SE 55.9447863723685 -3.184495972160984 695.8143854141235 703.9261894226074 
55.9447863723685 -3.184495972160984 SSW 55.94450920850874 -3.1846107771906933 695.8143854141235 702.6761894226074 
55.94450920850874 -3.1846107771906933 NNW 55.9447863723685 -3.184725582220403 695.8143854141235 701.4261894226074 
55.9447863723685 -3.184725582220403 NNW 55.945063536228254 -3.1848403872501123 695.8143854141235 700.1761894226074 
55.945063536228254 -3.1848403872501123 SE 55.9448514041939 -3.1846282552157565 695.8143854141235 698.9261894226074 
55.9448514041939 -3.1846282552157565 SSW 55.94457424033414 -3.184743060245466 695.8143854141235 697.6761894226074 
55.94457424033414 -3.184743060245466 WSW 55.94445943530443 -3.1850202241052195 695.8143854141235 696.4261894226074 
55.94445943530443 -3.1850202241052195 E 55.94445943530443 -3.1847202241052193 695.8143854141235 695.1761894226074 
55.94445943530443 -3.1847202241052193 WSW 55.94434463027472 -3.1849973879649727 695.8143854141235 693.9261894226074 
55.94434463027472 -3.1849973879649727 S 55.94404463027472 -3.1849973879649727 695.8143854141235 692.6761894226074 
55.94404463027472 -3.1849973879649727 NW 55.944256762309074 -3.1852095199993284 695.8143854141235 691.4261894226074 
55.944256762309074 -3.1852095199993284 SW 55.94404463027472 -3.185421652033684 695.8143854141235 690.1761894226074 
55.94404463027472 -3.185421652033684 E 55.94404463027472 -3.185121652033684 695.8143854141235 688.9261894226074 
55.94404463027472 -3.185121652033684 SSW 55.94376746641496 -3.1852364570633935 695.8143854141235 687.6761894226074 
55.94376746641496 -3.1852364570633935 WNW 55.94388227144467 -3.185513620923147 695.8143854141235 686.4261894226074 
55.94388227144467 -3.185513620923147 SSE 55.943605107584915 -3.1853988158934374 695.8143854141235 685.1761894226074 
55.943605107584915 -3.1853988158934374 SSW 55.94332794372516 -3.185513620923147 695.8143854141235 683.9261894226074 
55.94332794372516 -3.185513620923147 E 55.94332794372516 -3.1852136209231467 695.8143854141235 682.6761894226074 
55.94332794372516 -3.1852136209231467 ESE 55.94321313869545 -3.1849364570633933 695.8143854141235 681.4261894226074 
55.94321313869545 -3.1849364570633933 ENE 55.94332794372516 -3.18465929320364 695.8143854141235 680.1761894226074 
55.94332794372516 -3.18465929320364 ESE 55.94321313869545 -3.1843821293438865 695.8143854141235 678.9261894226074 
55.94321313869545 -3.1843821293438865 WNW 55.94332794372516 -3.18465929320364 695.8143854141235 677.6761894226074 
55.94332794372516 -3.18465929320364 SSE 55.9430507798654 -3.1845444881739304 695.8143854141235 676.4261894226074 
55.9430507798654 -3.1845444881739304 W 55.9430507798654 -3.1848444881739306 695.8143854141235 675.1761894226074 
55.9430507798654 -3.1848444881739306 SSW 55.942773616005645 -3.18495929320364 695.8143854141235 673.9261894226074 
55.942773616005645 -3.18495929320364 WSW 55.942658810975935 -3.1852364570633935 695.8143854141235 672.6761894226074 
55.942658810975935 -3.1852364570633935 E 55.942658810975935 -3.1849364570633933 695.8143854141235 671.4261894226074 
55.942658810975935 -3.1849364570633933 N 55.94295881097594 -3.1849364570633933 695.8143854141235 670.1761894226074 
55.94295881097594 -3.1849364570633933 ESE 55.94284400594623 -3.18465929320364 695.8143854141235 668.9261894226074 
55.94284400594623 -3.18465929320364 E 55.94284400594623 -3.1843592932036398 695.8143854141235 667.6761894226074 
55.94284400594623 -3.1843592932036398 WSW 55.94272920091652 -3.184636457063393 695.8143854141235 666.4261894226074 
55.94272920091652 -3.184636457063393 NE 55.94294133295087 -3.1844243250290374 695.8143854141235 665.1761894226074 
55.94294133295087 -3.1844243250290374 W 55.94294133295087 -3.1847243250290376 695.8143854141235 663.9261894226074 
55.94294133295087 -3.1847243250290376 NNW 55.94321849681063 -3.184839130058747 695.8143854141235 662.6761894226074 
55.94321849681063 -3.184839130058747 S 55.94291849681063 -3.184839130058747 695.8143854141235 661.4261894226074 
55.94291849681063 -3.184839130058747 ESE 55.94280369178092 -3.1845619661989937 695.8143854141235 660.1761894226074 
55.94280369178092 -3.1845619661989937 W 55.94280369178092 -3.184861966198994 695.8143854141235 658.9261894226074 
55.94280369178092 -3.184861966198994 NE 55.94301582381527 -3.184649834164638 695.8143854141235 657.6761894226074 
55.94301582381527 -3.184649834164638 NW 55.94322795584963 -3.184861966198994 695.8143854141235 656.4261894226074 
55.94322795584963 -3.184861966198994 NNE 55.943505119709386 -3.1847471611692844 695.8143854141235 655.1761894226074 
55.943505119709386 -3.1847471611692844 S 55.94320511970938 -3.1847471611692844 695.8143854141235 653.9261894226074 
55.94320511970938 -3.1847471611692844 ESE 55.94309031467967 -3.184469997309531 695.8143854141235 652.6761894226074 
55.94309031467967 -3.184469997309531 S 55.94279031467967 -3.184469997309531 695.8143854141235 651.4261894226074 
55.94279031467967 -3.184469997309531 WSW 55.94267550964996 -3.1847471611692844 695.8143854141235 650.1761894226074 
55.94267550964996 -3.1847471611692844 WNW 55.94279031467967 -3.1850243250290378 695.8143854141235 648.9261894226074 
55.94279031467967 -3.1850243250290378 NE 55.943002446714026 -3.184812192994682 695.8143854141235 647.6761894226074 
55.943002446714026 -3.184812192994682 N 55.94330244671403 -3.184812192994682 695.8143854141235 646.4261894226074 
55.94330244671403 -3.184812192994682 NW 55.943514578748385 -3.1850243250290378 695.8143854141235 645.1761894226074 
55.943514578748385 -3.1850243250290378 N 55.94381457874839 -3.