55.944425 -3.188396 NNW 55.94470216385976 -3.1885108050297095 68.65530395507812 332.67577362060547 
55.94470216385976 -3.1885108050297095 NNW 55.944979327719516 -3.188625610059419 68.65530395507812 331.42577362060547 
55.944979327719516 -3.188625610059419 NW 55.94519145975387 -3.188837742093775 150.8216323852539 373.1109390258789 
55.94519145975387 -3.188837742093775 SE 55.944979327719516 -3.188625610059419 150.8216323852539 371.8609390258789 
55.944979327719516 -3.188625610059419 ESE 55.944864522689805 -3.1883484461996656 150.8216323852539 370.6109390258789 
55.944864522689805 -3.1883484461996656 SSE 55.94458735883005 -3.188233641169956 150.8216323852539 369.3609390258789 
55.94458735883005 -3.188233641169956 SW 55.94437522679569 -3.188445773204312 150.8216323852539 368.1109390258789 
55.94437522679569 -3.188445773204312 E 55.94437522679569 -3.1881457732043117 150.8216323852539 366.8609390258789 
55.94437522679569 -3.1881457732043117 W 55.94437522679569 -3.188445773204312 150.8216323852539 365.6109390258789 
55.94437522679569 -3.188445773204312 WSW 55.94426042176598 -3.1887229370640653 150.8216323852539 364.3609390258789 
55.94426042176598 -3.1887229370640653 SE 55.944048289731626 -3.1885108050297095 150.8216323852539 363.1109390258789 
55.944048289731626 -3.1885108050297095 SE 55.94383615769727 -3.1882986729953537 257.3121566772461 396.8196792602539 
55.94383615769727 -3.1882986729953537 N 55.94413615769727 -3.1882986729953537 257.3121566772461 395.5696792602539 
55.94413615769727 -3.1882986729953537 NNW 55.94441332155703 -3.1884134780250633 257.3121566772461 394.3196792602539 
55.94441332155703 -3.1884134780250633 NE 55.944625453591385 -3.1882013459907075 257.3121566772461 393.0696792602539 
55.944625453591385 -3.1882013459907075 SW 55.94441332155703 -3.1884134780250633 257.3121566772461 391.8196792602539 
55.94441332155703 -3.1884134780250633 SE 55.94420118952267 -3.1882013459907075 257.3121566772461 390.5696792602539 
55.94420118952267 -3.1882013459907075 ENE 55.94431599455238 -3.187924182130954 257.3121566772461 389.3196792602539 
55.94431599455238 -3.187924182130954 SSW 55.94403883069263 -3.1880389871606636 257.3121566772461 388.0696792602539 
55.94403883069263 -3.1880389871606636 ESE 55.943924025662916 -3.18776182330091 257.3121566772461 386.8196792602539 
55.943924025662916 -3.18776182330091 SE 55.94371189362856 -3.1875496912665544 334.9915771484375 406.6004867553711 
55.94371189362856 -3.1875496912665544 SE 55.943499761594204 -3.1873375592321986 391.7916793823242 456.22686767578125 
55.943499761594204 -3.1873375592321986 SE 55.94328762955985 -3.187125427197843 391.7916793823242 454.97686767578125 
55.94328762955985 -3.187125427197843 ENE 55.94340243458956 -3.1868482633380895 481.81663513183594 536.3449401855469 
55.94340243458956 -3.1868482633380895 NE 55.943614566623914 -3.1866361313037337 587.1738128662109 542.5578536987305 
55.943614566623914 -3.1866361313037337 SE 55.94340243458956 -3.186423999269378 704.4089965820312 655.4519882202148 
55.94340243458956 -3.186423999269378 NW 55.943614566623914 -3.1866361313037337 801.454231262207 743.6641082763672 
55.943614566623914 -3.1866361313037337 W 55.943614566623914 -3.186936131303734 801.454231262207 742.4141082763672 
55.943614566623914 -3.186936131303734 S 55.94331456662391 -3.186936131303734 801.454231262207 741.1641082763672 
55.94331456662391 -3.186936131303734 NW 55.94352669865827 -3.1871482633380896 801.454231262207 739.9141082763672 
55.94352669865827 -3.1871482633380896 SW 55.94331456662391 -3.1873603953724454 801.454231262207 738.6641082763672 
55.94331456662391 -3.1873603953724454 WSW 55.9431997615942 -3.187637559232199 801.454231262207 737.4141082763672 
55.9431997615942 -3.187637559232199 NE 55.94341189362856 -3.187425427197843 801.454231262207 736.1641082763672 
55.94341189362856 -3.187425427197843 ENE 55.94352669865827 -3.1871482633380896 801.454231262207 734.9141082763672 
55.94352669865827 -3.1871482633380896 W 55.94352669865827 -3.18744826333809 801.454231262207 733.6641082763672 
55.94352669865827 -3.18744826333809 ENE 55.94364150368798 -3.1871710994783364 801.454231262207 732.4141082763672 
55.94364150368798 -3.1871710994783364 SE 55.94342937165362 -3.1869589674439807 801.454231262207 731.1641082763672 
55.94342937165362 -3.1869589674439807 ESE 55.94331456662391 -3.1866818035842273 801.454231262207 729.9141082763672 
55.94331456662391 -3.1866818035842273 NE 55.94352669865827 -3.1864696715498715 801.454231262207 728.6641082763672 
55.94352669865827 -3.1864696715498715 SSW 55.94324953479851 -3.186584476579581 801.454231262207 727.4141082763672 
55.94324953479851 -3.186584476579581 S 55.94294953479851 -3.186584476579581 801.454231262207 726.1641082763672 
55.94294953479851 -3.186584476579581 SW 55.94273740276415 -3.1867966086139368 825.5365447998047 843.6624221801758 
55.94273740276415 -3.1867966086139368 N 55.943037402764155 -3.1867966086139368 825.5365447998047 842.4124221801758 
55.943037402764155 -3.1867966086139368 E 55.943037402764155 -3.1864966086139366 825.5365447998047 841.1624221801758 
55.943037402764155 -3.1864966086139366 SSE 55.9427602389044 -3.186381803584227 825.5365447998047 839.9124221801758 
55.9427602389044 -3.186381803584227 ESE 55.94264543387469 -3.1861046397244737 825.5365447998047 838.6624221801758 
55.94264543387469 -3.1861046397244737 W 55.94264543387469 -3.186404639724474 825.5365447998047 837.4124221801758 
55.94264543387469 -3.186404639724474 N 55.94294543387469 -3.186404639724474 825.5365447998047 836.1624221801758 
55.94294543387469 -3.186404639724474 W 55.94294543387469 -3.186704639724474 825.5365447998047 834.9124221801758 
55.94294543387469 -3.186704639724474 SSE 55.942668270014934 -3.1865898346947645 825.5365447998047 833.6624221801758 
55.942668270014934 -3.1865898346947645 NE 55.94288040204929 -3.1863777026604088 825.5365447998047 832.4124221801758 
55.94288040204929 -3.1863777026604088 N 55.94318040204929 -3.1863777026604088 825.5365447998047 831.1624221801758 
55.94318040204929 -3.1863777026604088 S 55.94288040204929 -3.1863777026604088 825.5365447998047 829.9124221801758 
55.94288040204929 -3.1863777026604088 NNW 55.94315756590905 -3.1864925076901183 825.5365447998047 828.6624221801758 
55.94315756590905 -3.1864925076901183 SE 55.94294543387469 -3.1862803756557625 825.5365447998047 827.4124221801758 
55.94294543387469 -3.1862803756557625 N 55.943245433874694 -3.1862803756557625 825.5365447998047 826.1624221801758 
55.943245433874694 -3.1862803756557625 S 55.94294543387469 -3.1862803756557625 825.5365447998047 824.9124221801758 
55.94294543387469 -3.1862803756557625 WNW 55.9430602389044 -3.186557539515516 825.5365447998047 823.6624221801758 
55.9430602389044 -3.186557539515516 W 55.9430602389044 -3.186857539515516 825.5365447998047 822.4124221801758 
55.9430602389044 -3.186857539515516 SE 55.942848106870045 -3.1866454074811603 825.5365447998047 821.1624221801758 
55.942848106870045 -3.1866454074811603 ENE 55.942962911899755 -3.186368243621407 825.5365447998047 819.9124221801758 
55.942962911899755 -3.186368243621407 NW 55.94317504393411 -3.1865803756557627 825.5365447998047 818.6624221801758 
55.94317504393411 -3.1865803756557627 E 55.94317504393411 -3.1862803756557625 825.5365447998047 817.4124221801758 
55.94317504393411 -3.1862803756557625 NE 55.94338717596847 -3.1860682436214067 825.5365447998047 816.1624221801758 
55.94338717596847 -3.1860682436214067 E 55.94338717596847 -3.1857682436214065 825.5365447998047 814.9124221801758 
55.94338717596847 -3.1857682436214065 SE 55.94317504393411 -3.1855561115870508 825.5365447998047 813.6624221801758 
55.94317504393411 -3.1855561115870508 SE 55.942962911899755 -3.185343979552695 825.5365447998047 812.4124221801758 
55.942962911899755 -3.185343979552695 NNE 55.94324007575951 -3.1852291745229855 825.5365447998047 811.1624221801758 
55.94324007575951 -3.1852291745229855 S 55.94294007575951 -3.1852291745229855 825.5365447998047 809.9124221801758 
55.94294007575951 -3.1852291745229855 NE 55.943152207793865 -3.1850170424886297 825.5365447998047 808.6624221801758 
55.943152207793865 -3.1850170424886297 E 55.943152207793865 -3.1847170424886295 825.5365447998047 807.4124221801758 
55.943152207793865 -3.1847170424886295 W 55.943152207793865 -3.1850170424886297 825.5365447998047 806.1624221801758 
55.943152207793865 -3.1850170424886297 E 55.943152207793865 -3.1847170424886295 825.5365447998047 804.9124221801758 
55.943152207793865 -3.1847170424886295 ESE 55.943037402764155 -3.184439878628876 825.5365447998047 803.6624221801758 
55.943037402764155 -3.184439878628876 WNW 55.943152207793865 -3.1847170424886295 825.5365447998047 802.4124221801758 
55.943152207793865 -3.1847170424886295 E 55.943152207793865 -3.1844170424886293 825.5365447998047 801.1624221801758 
55.943152207793865 -3.1844170424886293 SSW 55.94287504393411 -3.184531847518339 825.5365447998047 799.9124221801758 
55.94287504393411 -3.184531847518339 NNE 55.943152207793865 -3.1844170424886293 825.5365447998047 798.6624221801758 
55.943152207793865 -3.1844170424886293 NNW 55.94342937165362 -3.184531847518339 825.5365447998047 797.4124221801758 
55.94342937165362 -3.184531847518339 NNW 55.94370653551338 -3.1846466525480484 825.5365447998047 796.1624221801758 
55.94370653551338 -3.1846466525480484 SW 55.94349440347902 -3.184858784582404 825.5365447998047 794.9124221801758 
55.94349440347902 -3.184858784582404 NNW 55.94377156733878 -3.1849735896121136 825.5365447998047 793.6624221801758 
55.94377156733878 -3.1849735896121136 NNW 55.944048731198535 -3.185088394641823 825.5365447998047 792.4124221801758 
55.944048731198535 -3.185088394641823 E 55.944048731198535 -3.184788394641823 825.5365447998047 791.1624221801758 
55.944048731198535 -3.184788394641823 W 55.944048731198535 -3.185088394641823 825.5365447998047 789.9124221801758 
55.944048731198535 -3.185088394641823 NNW 55.94432589505829 -3.1852031996715326 825.5365447998047 788.6624221801758 
55.94432589505829 -3.1852031996715326 S 55.94402589505829 -3.1852031996715326 825.5365447998047 787.4124221801758 
55.94402589505829 -3.1852031996715326 WSW 55.94391109002858 -3.185480363531286 861.2555618286133 840.4577560424805 
55.94391109002858 -3.185480363531286 SSW 55.94363392616882 -3.1855951685609956 861.2555618286133 839.2077560424805 
55.94363392616882 -3.1855951685609956 WSW 55.94351912113911 -3.185872332420749 861.2555618286133 837.9577560424805 
55.94351912113911 -3.185872332420749 SE 55.943306989104755 -3.185660200386393 861.2555618286133 836.7077560424805 
55.943306989104755 -3.185660200386393 E 55.943306989104755 -3.185360200386393 861.2555618286133 835.4577560424805 
55.943306989104755 -3.185360200386393 NNE 55.94358415296451 -3.1852453953566835 861.2555618286133 834.2077560424805 
55.94358415296451 -3.1852453953566835 ESE 55.9434693479348 -3.18496823149693 861.2555618286133 832.9577560424805 
55.9434693479348 -3.18496823149693 ENE 55.94358415296451 -3.1846910676371767 861.2555618286133 831.7077560424805 
55.94358415296451 -3.1846910676371767 SSE 55.943306989104755 -3.184576262607467 861.2555618286133 830.4577560424805 
55.943306989104755 -3.184576262607467 WSW 55.943192184075045 -3.1848534264672206 861.2555618286133 829.2077560424805 
55.943192184075045 -3.1848534264672206 SE 55.94298005204069 -3.184641294432865 861.2555618286133 827.9577560424805 
55.94298005204069 -3.184641294432865 SSW 55.94270288818093 -3.1847560994625743 861.2555618286133 826.7077560424805 
55.94270288818093 -3.1847560994625743 E 55.94270288818093 -3.184456099462574 861.2555618286133 825.4577560424805 
55.94270288818093 -3.184456099462574 NNW 55.94298005204069 -3.1845709044922836 861.2555618286133 824.2077560424805 
55.94298005204069 -3.1845709044922836 NNW 55.943257215900445 -3.184685709521993 861.2555618286133 822.9577560424805 
55.943257215900445 -3.184685709521993 SE 55.94304508386609 -3.1844735774876374 861.2555618286133 821.7077560424805 
55.94304508386609 -3.1844735774876374 SSW 55.94276792000633 -3.184588382517347 861.2555618286133 820.4577560424805 
55.94276792000633 -3.184588382517347 WSW 55.94265311497662 -3.1848655463771003 861.2555618286133 819.2077560424805 
55.94265311497662 -3.1848655463771003 E 55.94265311497662 -3.1845655463771 861.2555618286133 817.9577560424805 
55.94265311497662 -3.1845655463771 NW 55.94286524701098 -3.184777678411456 861.2555618286133 816.7077560424805 
55.94286524701098 -3.184777678411456 SW 55.94265311497662 -3.1849898104458116 861.2555618286133 815.4577560424805 
55.94265311497662 -3.1849898104458116 E 55.94265311497662 -3.1846898104458115 861.2555618286133 814.2077560424805 
55.94265311497662 -3.1846898104458115 WNW 55.94276792000633 -3.184966974305565 861.2555618286133 812.9577560424805 
55.94276792000633 -3.184966974305565 E 55.94276792000633 -3.1846669743055647 861.2555618286133 811.7077560424805 
55.94276792000633 -3.1846669743055647 ESE 55.94265311497662 -3.1843898104458113 861.2555618286133 810.4577560424805 
55.94265311497662 -3.1843898104458113 WNW 55.94276792000633 -3.1846669743055647 861.2555618286133 809.2077560424805 
55.94276792000633 -3.1846669743055647 ESE 55.94265311497662 -3.1843898104458113 861.2555618286133 807.9577560424805 
55.94265311497662 -3.1843898104458113 W 55.94265311497662 -3.1846898104458115 861.2555618286133 806.7077560424805 
55.94265311497662 -3.1846898104458115 NW 55.94286524701098 -3.1849019424801672 861.2555618286133 805.4577560424805 
55.94286524701098 -3.1849019424801672 N 55.94316524701098 -3.1849019424801672 861.2555618286133 804.2077560424805 
55.94316524701098 -3.1849019424801672 NW 55.94337737904534 -3.185114074514523 861.2555618286133 802.9577560424805 
55.94337737904534 -3.185114074514523 NW 55.94358951107969 -3.1853262065488788 861.2555618286133 801.7077560424805 
55.94358951107969 -3.1853262065488788 SSW 55.94331234721994 -3.1854410115785883 861.2555618286133 800.4577560424805 
55.94331234721994 -3.1854410115785883 SSE 55.94303518336018 -3.1853262065488788 861.2555618286133 799.2077560424805 
55.94303518336018 -3.1853262065488788 S 55.94273518336018 -3.1853262065488788 861.2555618286133 797.9577560424805 
55.94273518336018 -3.1853262065488788 E 55.94273518336018 -3.1850262065488786 861.2555618286133 796.7077560424805 
55.94273518336018 -3.1850262065488786 N 55.94303518336018 -3.1850262065488786 861.2555618286133 795.4577560424805 
55.94303518336018 -3.1850262065488786 ESE 55.94292037833047 -3.184749042689125 861.2555618286133 794.2077560424805 
55.94292037833047 -3.184749042689125 SSE 55.94264321447071 -3.1846342376594157 861.2555618286133 792.9577560424805 
55.94264321447071 -3.1846342376594157 E 55.94264321447071 -3.1843342376594155 861.2555618286133 791.7077560424805 
55.94264321447071 -3.1843342376594155 W 55.94264321447071 -3.1846342376594157 861.2555618286133 790.4577560424805 
55.94264321447071 -3.1846342376594157 NNW 55.94292037833047 -3.184749042689125 861.2555618286133 789.2077560424805 
55.94292037833047 -3.184749042689125 S 55.94262037833047 -3.184749042689125 861.2555618286133 787.9577560424805 
55.94262037833047 -3.184749042689125 W 55.94262037833047 -3.1850490426891254 861.2555618286133 786.7077560424805 
55.94262037833047 -3.1850490426891254 NE 55.94283251036482 -3.1848369106547696 861.2555618286133 785.4577560424805 
55.94283251036482 -3.1848369106547696 NW 55.94304464239918 -3.1850490426891254 861.2555618286133 784.2077560424805 
55.94304464239918 -3.1850490426891254 SW 55.94283251036482 -3.185261174723481 861.2555618286133 782.9577560424805 
55.94283251036482 -3.185261174723481 NNE 55.94310967422458 -3.1851463696937716 861.2555618286133 781.7077560424805 
55.94310967422458 -3.1851463696937716 S 55.94280967422458 -3.1851463696937716 861.2555618286133 780.4577560424805 
55.94280967422458 -3.1851463696937716 ESE 55.94269486919487 -3.1848692058340182 861.2555618286133 779.2077560424805 
55.94269486919487 -3.1848692058340182 E 55.94269486919487 -3.184569205834018 861.2555618286133 777.9577560424805 
55.94269486919487 -3.184569205834018 WNW 55.94280967422458 -3.1848463696937714 861.2555618286133 776.7077560424805 
55.94280967422458 -3.1848463696937714 NW 55.94302180625893 -3.185058501728127 861.2555618286133 775.4577560424805 
55.94302180625893 -3.185058501728127 NE 55.94323393829329 -3.184846369693771