55.944425 -3.188396 NE 55.94463713203436 -3.1881838679656442 102.80046844482422 328.7321472167969 
55.94463713203436 -3.1881838679656442 W 55.94463713203436 -3.1884838679656444 102.80046844482422 327.4821472167969 
55.94463713203436 -3.1884838679656444 WSW 55.94452232700465 -3.188761031825398 102.80046844482422 326.2321472167969 
55.94452232700465 -3.188761031825398 SW 55.94431019497029 -3.1889731638597536 205.1083526611328 391.12483978271484 
55.94431019497029 -3.1889731638597536 SW 55.944098062935936 -3.1891852958941094 205.1083526611328 389.87483978271484 
55.944098062935936 -3.1891852958941094 SSW 55.94382089907618 -3.189300100923819 205.1083526611328 388.62483978271484 
55.94382089907618 -3.189300100923819 SSW 55.94354373521642 -3.1894149059535284 256.0318260192871 469.57566833496094 
55.94354373521642 -3.1894149059535284 SW 55.94333160318207 -3.189627037987884 256.0318260192871 468.32566833496094 
55.94333160318207 -3.189627037987884 SSE 55.94305443932231 -3.1895122329581747 344.24262619018555 501.32899475097656 
55.94305443932231 -3.1895122329581747 SW 55.942842307287954 -3.1897243649925304 437.06696701049805 608.6491470336914 
55.942842307287954 -3.1897243649925304 ENE 55.942957112317664 -3.189447201132777 437.06696701049805 607.3991470336914 
55.942957112317664 -3.189447201132777 ESE 55.942842307287954 -3.1891700372730236 437.06696701049805 606.1491470336914 
55.942842307287954 -3.1891700372730236 ENE 55.942957112317664 -3.18889287341327 449.0495834350586 728.7556915283203 
55.942957112317664 -3.18889287341327 ENE 55.943071917347375 -3.188615709553517 527.6059646606445 741.7050457000732 
55.943071917347375 -3.188615709553517 E 55.943071917347375 -3.1883157095535166 527.6059646606445 740.4550457000732 
55.943071917347375 -3.1883157095535166 E 55.943071917347375 -3.1880157095535164 610.2097854614258 857.5901470184326 
55.943071917347375 -3.1880157095535164 NE 55.94328404938173 -3.1878035775191607 610.2097854614258 856.3401470184326 
55.94328404938173 -3.1878035775191607 NNE 55.94356121324149 -3.187688772489451 651.7307281494141 901.8256282806396 
55.94356121324149 -3.187688772489451 NE 55.943773345275844 -3.1874766404550954 651.7307281494141 900.5756282806396 
55.943773345275844 -3.1874766404550954 NE 55.9439854773102 -3.1872645084207396 651.7307281494141 899.3256282806396 
55.9439854773102 -3.1872645084207396 ENE 55.94410028233991 -3.186987344560986 651.7307281494141 898.0756282806396 
55.94410028233991 -3.186987344560986 NE 55.94431241437427 -3.1867752125266304 651.7307281494141 896.8256282806396 
55.94431241437427 -3.1867752125266304 ENE 55.94442721940398 -3.186498048666877 651.7307281494141 895.5756282806396 
55.94442721940398 -3.186498048666877 NNE 55.94470438326373 -3.1863832436371675 668.9537830352783 977.8130397796631 
55.94470438326373 -3.1863832436371675 NW 55.94491651529809 -3.1865953756715233 668.9537830352783 976.5630397796631 
55.94491651529809 -3.1865953756715233 NW 55.945128647332446 -3.186807507705879 668.9537830352783 975.3130397796631 
55.945128647332446 -3.186807507705879 NW 55.9453407793668 -3.187019639740235 668.9537830352783 974.0630397796631 
55.9453407793668 -3.187019639740235 NW 55.94555291140116 -3.1872317717745906 711.1734600067139 1022.8633327484131 
55.94555291140116 -3.1872317717745906 NE 55.945765043435514 -3.187019639740235 711.1734600067139 1021.6133327484131 
55.945765043435514 -3.187019639740235 NE 55.94597717546987 -3.186807507705879 725.087854385376 1022.0973507165909 
55.94597717546987 -3.186807507705879 ENE 55.94609198049958 -3.1865303438461257 812.242166519165 1057.1931911706924 
55.94609198049958 -3.1865303438461257 E 55.94609198049958 -3.1862303438461255 812.242166519165 1055.9431911706924 
55.94609198049958 -3.1862303438461255 E 55.94609198049958 -3.1859303438461253 812.242166519165 1054.6931911706924 
55.94609198049958 -3.1859303438461253 ENE 55.94620678552929 -3.185653179986372 812.242166519165 1053.4431911706924 
55.94620678552929 -3.185653179986372 E 55.94620678552929 -3.1853531799863717 874.3282794952393 1152.7620159387589 
55.94620678552929 -3.1853531799863717 E 55.94620678552929 -3.1850531799863715 874.3282794952393 1151.5120159387589 
55.94620678552929 -3.1850531799863715 E 55.94620678552929 -3.1847531799863713 970.8437061309814 1232.0036388635635 
55.94620678552929 -3.1847531799863713 S 55.94590678552929 -3.1847531799863713 970.8437061309814 1230.7536388635635 
55.94590678552929 -3.1847531799863713 S 55.945606785529286 -3.1847531799863713 970.8437061309814 1229.5036388635635 
55.945606785529286 -3.1847531799863713 S 55.94530678552928 -3.1847531799863713 970.8437061309814 1228.2536388635635 
55.94530678552928 -3.1847531799863713 SSW 55.945029621669526 -3.184867985016081 977.2366466522217 1288.8004795312881 
55.945029621669526 -3.184867985016081 SSW 55.94475245780977 -3.1849827900457903 977.2366466522217 1287.5504795312881 
55.94475245780977 -3.1849827900457903 SE 55.944540325775414 -3.1847706580114346 977.2366466522217 1286.3004795312881 
55.944540325775414 -3.1847706580114346 E 55.944540325775414 -3.1844706580114344 977.2366466522217 1285.0504795312881 
55.944540325775414 -3.1844706580114344 NNE 55.94481748963517 -3.184355852981725 1027.697214126587 1402.12466776371 
55.94481748963517 -3.184355852981725 S 55.94451748963517 -3.184355852981725 1027.697214126587 1400.87466776371 
55.94451748963517 -3.184355852981725 SSW 55.94424032577541 -3.1844706580114344 1094.117380142212 1475.5850559473038 
55.94424032577541 -3.1844706580114344 WSW 55.9441255207457 -3.1847478218711878 1126.073968887329 1488.8217970132828 
55.9441255207457 -3.1847478218711878 W 55.9441255207457 -3.185047821871188 1134.9729661941528 1510.006163239479 
55.9441255207457 -3.185047821871188 WSW 55.94401071571599 -3.1853249857309414 1254.74303150177 1623.3299089670181 
55.94401071571599 -3.1853249857309414 S 55.94371071571599 -3.1853249857309414 1254.74303150177 1622.0799089670181 
55.94371071571599 -3.1853249857309414 ESE 55.94359591068628 -3.185047821871188 1254.74303150177 1620.8299089670181 
55.94359591068628 -3.185047821871188 ENE 55.94371071571599 -3.1847706580114346 1294.4681749343872 1741.8105150461197 
55.94371071571599 -3.1847706580114346 SSW 55.94343355185623 -3.184885463041144 1294.4681749343872 1740.5605150461197 
55.94343355185623 -3.184885463041144 SSW 55.943156387996474 -3.1850002680708536 1294.4681749343872 1739.3105150461197 
55.943156387996474 -3.1850002680708536 SW 55.94294425596212 -3.1852124001052093 1400.3906297683716 1846.5972505807877 
55.94294425596212 -3.1852124001052093 SSW 55.94266709210236 -3.185327205134919 1431.4955034255981 1857.0328155755997 
55.94266709210236 -3.185327205134919 NW 55.94287922413672 -3.1855393371692746 1431.4955034255981 1855.7828155755997 
55.94287922413672 -3.1855393371692746 NW 55.943091356171074 -3.1857514692036304 1431.4955034255981 1854.5328155755997 
55.943091356171074 -3.1857514692036304 NW 55.94330348820543 -3.185963601237986 1431.4955034255981 1853.2828155755997 
55.94330348820543 -3.185963601237986 NW 55.943515620239786 -3.186175733272342 1431.4955034255981 1852.0328155755997 
55.943515620239786 -3.186175733272342 WNW 55.9436304252695 -3.1864528971320953 1431.4955034255981 1850.7828155755997 
55.9436304252695 -3.1864528971320953 NW 55.94384255730385 -3.186665029166451 1431.4955034255981 1849.5328155755997 
55.94384255730385 -3.186665029166451 NW 55.94405468933821 -3.186877161200807 1431.4955034255981 1848.2828155755997 
55.94405468933821 -3.186877161200807 NW 55.944266821372565 -3.1870892932351627 1431.4955034255981 1847.0328155755997 
55.944266821372565 -3.1870892932351627 NW 55.94447895340692 -3.1873014252695184 1431.4955034255981 1845.7828155755997 
55.94447895340692 -3.1873014252695184 NW 55.94469108544128 -3.187513557303874 1431.4955034255981 1844.5328155755997 
55.94469108544128 -3.187513557303874 NNW 55.944968249301034 -3.1876283623335837 1431.4955034255981 1843.2828155755997 
55.944968249301034 -3.1876283623335837 NW 55.94518038133539 -3.1878404943679395 1431.4955034255981 1842.0328155755997 
55.94518038133539 -3.1878404943679395 WNW 55.9452951863651 -3.188117658227693 1431.4955034255981 1840.7828155755997 
55.9452951863651 -3.188117658227693 NNW 55.94557235022486 -3.1882324632574024 1431.4955034255981 1839.5328155755997 
55.94557235022486 -3.1882324632574024 NNW 55.945849514084614 -3.188347268287112 1431.4955034255981 1838.2828155755997 
55.945849514084614 -3.188347268287112 NNE 55.94612667794437 -3.1882324632574024 1431.4955034255981 1837.0328155755997 
55.94612667794437 -3.1882324632574024 S 55.94582667794437 -3.1882324632574024 1431.4955034255981 1835.7828155755997 
55.94582667794437 -3.1882324632574024 NNE 55.946103841804124 -3.188117658227693 1431.4955034255981 1834.5328155755997 
55.946103841804124 -3.188117658227693 SW 55.94589170976977 -3.1883297902620487 1431.4955034255981 1833.2828155755997 
55.94589170976977 -3.1883297902620487 NNE 55.946168873629524 -3.188214985232339 1431.4955034255981 1832.0328155755997 
55.946168873629524 -3.188214985232339 S 55.94586887362952 -3.188214985232339 1431.4955034255981 1830.7828155755997 
55.94586887362952 -3.188214985232339 NNE 55.94614603748928 -3.1881001802026296 1431.4955034255981 1829.5328155755997 
55.94614603748928 -3.1881001802026296 SW 55.94593390545492 -3.1883123122369854 1431.4955034255981 1828.2828155755997 
55.94593390545492 -3.1883123122369854 NNE 55.94621106931468 -3.188197507207276 1431.4955034255981 1827.0328155755997 
55.94621106931468 -3.188197507207276 S 55.945911069314676 -3.188197507207276 1431.4955034255981 1825.7828155755997 
55.945911069314676 -3.188197507207276 NNE 55.94618823317443 -3.1880827021775664 1431.4955034255981 1824.5328155755997 
55.94618823317443 -3.1880827021775664 SW 55.945976101140076 -3.188294834211922 1431.4955034255981 1823.2828155755997 
55.945976101140076 -3.188294834211922 WSW 55.945861296110365 -3.1885719980716756 1431.4955034255981 1822.0328155755997 
55.945861296110365 -3.1885719980716756 NW 55.94607342814472 -3.1887841301060313 1431.4955034255981 1820.7828155755997 
55.94607342814472 -3.1887841301060313 SSE 55.945796264284965 -3.188669325076322 1431.4955034255981 1819.5328155755997 
55.945796264284965 -3.188669325076322 E 55.945796264284965 -3.1883693250763216 1431.4955034255981 1818.2828155755997 
55.945796264284965 -3.1883693250763216 NNE 55.94607342814472 -3.188254520046612 1431.4955034255981 1817.0328155755997 
55.94607342814472 -3.188254520046612 SW 55.945861296110365 -3.188466652080968 1431.4955034255981 1815.7828155755997 
55.945861296110365 -3.188466652080968 WNW 55.945976101140076 -3.1887438159407213 1431.4955034255981 1814.5328155755997 
55.945976101140076 -3.1887438159407213 SE 55.94576396910572 -3.1885316839063655 1431.4955034255981 1813.2828155755997 
55.94576396910572 -3.1885316839063655 ENE 55.94587877413543 -3.188254520046612 1431.4955034255981 1812.0328155755997 
55.94587877413543 -3.188254520046612 N 55.94617877413543 -3.188254520046612 1516.340588569641 1897.928743004799 
55.94617877413543 -3.188254520046612 SSW 55.945901610275676 -3.1883693250763216 1516.340588569641 1896.678743004799 
55.945901610275676 -3.1883693250763216 SW 55.94568947824132 -3.1885814571106774 1516.340588569641 1895.428743004799 
55.94568947824132 -3.1885814571106774 SW 55.945477346206964 -3.188793589145033 1516.340588569641 1894.178743004799 
55.945477346206964 -3.188793589145033 W 55.945477346206964 -3.1890935891450334 1516.340588569641 1892.928743004799 
55.945477346206964 -3.1890935891450334 SW 55.94526521417261 -3.189305721179389 1516.340588569641 1891.678743004799 
55.94526521417261 -3.189305721179389 SSW 55.94498805031285 -3.1894205262090987 1516.340588569641 1890.428743004799 
55.94498805031285 -3.1894205262090987 SW 55.944775918278495 -3.1896326582434544 1516.340588569641 1889.178743004799 
55.944775918278495 -3.1896326582434544 SSW 55.94449875441874 -3.189747463273164 1516.340588569641 1887.928743004799 
55.94449875441874 -3.189747463273164 SW 55.94428662238438 -3.1899595953075197 1516.340588569641 1886.678743004799 
55.94428662238438 -3.1899595953075197 SSW 55.944009458524626 -3.190074400337229 1516.340588569641 1885.428743004799 
55.944009458524626 -3.190074400337229 SW 55.94379732649027 -3.190286532371585 1516.340588569641 1884.178743004799 
55.94379732649027 -3.190286532371585 SSW 55.94352016263051 -3.1904013374012945 1557.7554063796997 1963.7435470819473 
55.94352016263051 -3.1904013374012945 S 55.94322016263051 -3.1904013374012945 1659.4012651443481 2074.8083587884903 
55.94322016263051 -3.1904013374012945 W 55.94322016263051 -3.1907013374012947 1659.4012651443481 2073.5583587884903 
55.94322016263051 -3.1907013374012947 W 55.94322016263051 -3.191001337401295 1702.349202156067 2108.7658058404922 
55.94322016263051 -3.191001337401295 WSW 55.9431053576008 -3.1912785012610483 1702.349202156067 2107.5158058404922 
55.9431053576008 -3.1912785012610483 WSW 55.94299055257109 -3.1915556651208017 1702.349202156067 2106.2658058404922 
55.94299055257109 -3.1915556651208017 SW 55.94277842053673 -3.1917677971551575 1777.3012742996216 2145.610486626625 
55.94277842053673 -3.1917677971551575 NNW 55.94305558439649 -3.191882602184867 1777.3012742996216 2144.360486626625 
55.94305558439649 -3.191882602184867 N 55.94335558439649 -3.191882602184867 1777.3012742996216 2143.110486626625 
55.94335558439649 -3.191882602184867 N 55.943655584396495 -3.191882602184867 1858.7523927688599 2184.3758751153946 
55.943655584396495 -3.191882602184867 N 55.9439555843965 -3.191882602184867 1929.8206453323364 2184.4726507663727 
55.9439555843965 -3.191882602184867 NW 55.944167716430854 -3.1920947342192227 1929.8206453323364 2183.2226507663727 
55.944167716430854 -3.1920947342192227 WNW 55.944282521460565 -3.192371898078976 2022.9296007156372 2196.3626244068146 
55.944282521460565 -3.192371898078976 E 55.944282521460565 -3.192071898078976 2022.9296007156372 2195.1126244068146 
55.944282521460565 -3.192071898078976 NE 55.94449465349492 -3.19185976604462 2022.9296007156372 2193.8626244068146 
55.94449465349492 -3.19185976604462 N 55.944794653494924 -3.19185976604462 2022.9296007156372 2192.6126244068146 
55.944794653494924 -3.19185976604462 N 55.94509465349493 -3.19185976604462 2022.9296007156372 2191.3626244068146 
55.94509465349493 -3.19185976604462 NNW 55.94537181735468 -3.1919745710743297 2022.9296007156372 2190.1126244068146 
55.94537181735468 -3.1919745710743297 N 55.945671817354686 -3.1919745710743297 2063.780430793762 2233.91645359993 
55.945671817354686 -3.1919745710743297 NW 55.94588394938904 -3.1921867031086855 2063.780430793762 2232.66645359993 
55.94588394938904 -3.1921867031086855 WNW 55.94599875441875 -3.192463866968439 2177.0788621902466 2269.9367554187775 
