55.944425 -3.188396 NNW 55.94470216385976 -3.1885108050297095 0.0 248.75 
55.94470216385976 -3.1885108050297095 SE 55.9444900318254 -3.1882986729953537 0.0 247.5 
55.9444900318254 -3.1882986729953537 ESE 55.94437522679569 -3.1880215091356003 0.0 246.25 
55.94437522679569 -3.1880215091356003 SSE 55.944098062935936 -3.187906704105891 0.0 245.0 
55.944098062935936 -3.187906704105891 SE 55.94388593090158 -3.187694572071535 121.40203857421875 292.34983825683594 
55.94388593090158 -3.187694572071535 SW 55.94367379886722 -3.187906704105891 121.40203857421875 291.09983825683594 
55.94367379886722 -3.187906704105891 S 55.94337379886722 -3.187906704105891 197.02526092529297 304.57391929626465 
55.94337379886722 -3.187906704105891 S 55.94307379886722 -3.187906704105891 211.40723037719727 419.2991695404053 
55.94307379886722 -3.187906704105891 E 55.94307379886722 -3.1876067041058906 211.40723037719727 418.0491695404053 
55.94307379886722 -3.1876067041058906 W 55.94307379886722 -3.187906704105891 211.40723037719727 416.7991695404053 
55.94307379886722 -3.187906704105891 WSW 55.94295899383751 -3.1881838679656442 211.40723037719727 415.5491695404053 
55.94295899383751 -3.1881838679656442 SE 55.94274686180315 -3.1879717359312885 211.40723037719727 414.2991695404053 
55.94274686180315 -3.1879717359312885 N 55.943046861803154 -3.1879717359312885 211.40723037719727 413.0491695404053 
55.943046861803154 -3.1879717359312885 NNW 55.94332402566291 -3.188086540960998 211.40723037719727 411.7991695404053 
55.94332402566291 -3.188086540960998 NE 55.94353615769727 -3.187874408926642 211.40723037719727 410.5491695404053 
55.94353615769727 -3.187874408926642 SW 55.94332402566291 -3.188086540960998 211.40723037719727 409.2991695404053 
55.94332402566291 -3.188086540960998 SE 55.943111893628554 -3.187874408926642 211.40723037719727 408.0491695404053 
55.943111893628554 -3.187874408926642 ENE 55.943226698658265 -3.187597245066889 211.40723037719727 406.7991695404053 
55.943226698658265 -3.187597245066889 SSW 55.94294953479851 -3.1877120500965983 211.40723037719727 405.5491695404053 
55.94294953479851 -3.1877120500965983 SSW 55.94267237093875 -3.187826855126308 211.40723037719727 404.2991695404053 
55.94267237093875 -3.187826855126308 W 55.94267237093875 -3.188126855126308 211.40723037719727 403.0491695404053 
55.94267237093875 -3.188126855126308 NW 55.94288450297311 -3.1883389871606638 211.40723037719727 401.7991695404053 
55.94288450297311 -3.1883389871606638 SW 55.94267237093875 -3.1885511191950195 211.40723037719727 400.5491695404053 
55.94267237093875 -3.1885511191950195 WNW 55.94278717596846 -3.188828283054773 211.40723037719727 399.2991695404053 
55.94278717596846 -3.188828283054773 NE 55.94299930800282 -3.188616151020417 211.40723037719727 398.0491695404053 
55.94299930800282 -3.188616151020417 ENE 55.94311411303253 -3.1883389871606638 211.40723037719727 396.7991695404053 
55.94311411303253 -3.1883389871606638 W 55.94311411303253 -3.188638987160664 211.40723037719727 395.5491695404053 
55.94311411303253 -3.188638987160664 ENE 55.94322891806224 -3.1883618233009106 211.40723037719727 394.2991695404053 
55.94322891806224 -3.1883618233009106 SE 55.94301678602788 -3.188149691266555 211.40723037719727 393.0491695404053 
55.94301678602788 -3.188149691266555 ESE 55.94290198099817 -3.1878725274068014 211.40723037719727 391.7991695404053 
55.94290198099817 -3.1878725274068014 NE 55.94311411303253 -3.1876603953724456 211.40723037719727 390.5491695404053 
55.94311411303253 -3.1876603953724456 SSW 55.94283694917277 -3.187775200402155 211.40723037719727 389.2991695404053 
55.94283694917277 -3.187775200402155 N 55.943136949172775 -3.187775200402155 211.40723037719727 388.0491695404053 
55.943136949172775 -3.187775200402155 E 55.943136949172775 -3.187475200402155 211.40723037719727 386.7991695404053 
55.943136949172775 -3.187475200402155 SSE 55.94285978531302 -3.1873603953724454 211.40723037719727 385.5491695404053 
55.94285978531302 -3.1873603953724454 ESE 55.94274498028331 -3.187083231512692 211.40723037719727 384.2991695404053 
55.94274498028331 -3.187083231512692 W 55.94274498028331 -3.187383231512692 211.40723037719727 383.0491695404053 
55.94274498028331 -3.187383231512692 N 55.94304498028331 -3.187383231512692 211.40723037719727 381.7991695404053 
55.94304498028331 -3.187383231512692 W 55.94304498028331 -3.1876832315126924 211.40723037719727 380.5491695404053 
55.94304498028331 -3.1876832315126924 SSE 55.942767816423554 -3.187568426482983 211.40723037719727 379.2991695404053 
55.942767816423554 -3.187568426482983 NE 55.94297994845791 -3.187356294448627 211.40723037719727 378.0491695404053 
55.94297994845791 -3.187356294448627 N 55.94327994845791 -3.187356294448627 211.40723037719727 376.7991695404053 
55.94327994845791 -3.187356294448627 E 55.94327994845791 -3.187056294448627 240.98504829406738 401.4306640625 
55.94327994845791 -3.187056294448627 S 55.94297994845791 -3.187056294448627 240.98504829406738 400.1806640625 
55.94297994845791 -3.187056294448627 NNW 55.94325711231767 -3.1871710994783364 240.98504829406738 398.9306640625 
55.94325711231767 -3.1871710994783364 SE 55.94304498028331 -3.1869589674439807 240.98504829406738 397.6806640625 
55.94304498028331 -3.1869589674439807 N 55.943344980283314 -3.1869589674439807 240.98504829406738 396.4306640625 
55.943344980283314 -3.1869589674439807 S 55.94304498028331 -3.1869589674439807 240.98504829406738 395.1806640625 
55.94304498028331 -3.1869589674439807 WNW 55.94315978531302 -3.187236131303734 240.98504829406738 393.9306640625 
55.94315978531302 -3.187236131303734 W 55.94315978531302 -3.1875361313037343 240.98504829406738 392.6806640625 
55.94315978531302 -3.1875361313037343 SE 55.942947653278665 -3.1873239992693785 240.98504829406738 391.4306640625 
55.942947653278665 -3.1873239992693785 ENE 55.943062458308376 -3.187046835409625 240.98504829406738 390.1806640625 
55.943062458308376 -3.187046835409625 NW 55.94327459034273 -3.187258967443981 240.98504829406738 388.9306640625 
55.94327459034273 -3.187258967443981 E 55.94327459034273 -3.1869589674439807 240.98504829406738 387.6806640625 
55.94327459034273 -3.1869589674439807 NE 55.94348672237709 -3.186746835409625 240.98504829406738 386.4306640625 
55.94348672237709 -3.186746835409625 E 55.94348672237709 -3.1864468354096247 240.98504829406738 385.1806640625 
55.94348672237709 -3.1864468354096247 SE 55.94327459034273 -3.186234703375269 240.98504829406738 383.9306640625 
55.94327459034273 -3.186234703375269 E 55.94327459034273 -3.1859347033752687 265.0771656036377 403.34678077697754 
55.94327459034273 -3.1859347033752687 SE 55.943062458308376 -3.185722571340913 265.0771656036377 402.09678077697754 
55.943062458308376 -3.185722571340913 NNE 55.94333962216813 -3.1856077663112035 265.0771656036377 400.84678077697754 
55.94333962216813 -3.1856077663112035 S 55.94303962216813 -3.1856077663112035 265.0771656036377 399.59678077697754 
55.94303962216813 -3.1856077663112035 SSE 55.94276245830837 -3.185492961281494 271.97255849838257 400.22033989429474 
55.94276245830837 -3.185492961281494 NE 55.94297459034273 -3.185280829247138 271.97255849838257 398.97033989429474 
55.94297459034273 -3.185280829247138 E 55.94297459034273 -3.184980829247138 271.97255849838257 397.72033989429474 
55.94297459034273 -3.184980829247138 E 55.94297459034273 -3.184680829247138 350.3887343406677 398.37488079071045 
55.94297459034273 -3.184680829247138 NNW 55.943251754202485 -3.1847956342768473 418.0466322898865 464.7124967575073 
55.943251754202485 -3.1847956342768473 W 55.943251754202485 -3.1850956342768475 418.0466322898865 463.4624967575073 
55.943251754202485 -3.1850956342768475 E 55.943251754202485 -3.1847956342768473 418.0466322898865 462.2124967575073 
55.943251754202485 -3.1847956342768473 ESE 55.943136949172775 -3.184518470417094 418.0466322898865 460.9624967575073 
55.943136949172775 -3.184518470417094 NNE 55.94341411303253 -3.1844036653873844 486.9688277244568 476.82936573028564 
55.94341411303253 -3.1844036653873844 WNW 55.94352891806224 -3.184680829247138 486.9688277244568 475.57936573028564 
55.94352891806224 -3.184680829247138 E 55.94352891806224 -3.1843808292471376 486.9688277244568 474.32936573028564 
55.94352891806224 -3.1843808292471376 SSW 55.943251754202485 -3.184495634276847 486.9688277244568 473.07936573028564 
55.943251754202485 -3.184495634276847 NNE 55.94352891806224 -3.1843808292471376 486.9688277244568 471.82936573028564 
55.94352891806224 -3.1843808292471376 NNW 55.943806081922 -3.184495634276847 486.9688277244568 470.57936573028564 
55.943806081922 -3.184495634276847 NNW 55.944083245781755 -3.1846104393065566 486.9688277244568 469.32936573028564 
55.944083245781755 -3.1846104393065566 WNW 55.944198050811465 -3.18488760316631 518.3641314506531 578.05357837677 
55.944198050811465 -3.18488760316631 SW 55.94398591877711 -3.185099735200666 518.3641314506531 576.80357837677 
55.94398591877711 -3.185099735200666 NNW 55.944263082636866 -3.1852145402303753 518.3641314506531 575.55357837677 
55.944263082636866 -3.1852145402303753 NNW 55.94454024649662 -3.185329345260085 518.3641314506531 574.30357837677 
55.94454024649662 -3.185329345260085 E 55.94454024649662 -3.1850293452600846 518.3641314506531 573.05357837677 
55.94454024649662 -3.1850293452600846 W 55.94454024649662 -3.185329345260085 518.3641314506531 571.80357837677 
55.94454024649662 -3.185329345260085 NNW 55.94481741035638 -3.1854441502897943 518.3641314506531 570.55357837677 
55.94481741035638 -3.1854441502897943 S 55.944517410356376 -3.1854441502897943 518.3641314506531 569.30357837677 
55.944517410356376 -3.1854441502897943 SSW 55.94424024649662 -3.185558955319504 518.3641314506531 568.05357837677 
55.94424024649662 -3.185558955319504 WSW 55.94412544146691 -3.1858361191792572 518.3641314506531 566.80357837677 
55.94412544146691 -3.1858361191792572 SE 55.94391330943255 -3.1856239871449015 518.3641314506531 565.55357837677 
55.94391330943255 -3.1856239871449015 E 55.94391330943255 -3.1853239871449013 518.3641314506531 564.30357837677 
55.94391330943255 -3.1853239871449013 NNE 55.94419047329231 -3.1852091821151918 518.3641314506531 563.05357837677 
55.94419047329231 -3.1852091821151918 ESE 55.9440756682626 -3.1849320182554384 518.3641314506531 561.80357837677 
55.9440756682626 -3.1849320182554384 ENE 55.94419047329231 -3.184654854395685 518.3641314506531 560.55357837677 
55.94419047329231 -3.184654854395685 SSE 55.94391330943255 -3.1845400493659755 518.3641314506531 559.30357837677 
55.94391330943255 -3.1845400493659755 WSW 55.94379850440284 -3.184817213225729 518.3641314506531 558.05357837677 
55.94379850440284 -3.184817213225729 SE 55.943586372368486 -3.184605081191373 518.3641314506531 556.80357837677 
55.943586372368486 -3.184605081191373 SSW 55.94330920850873 -3.1847198862210826 518.3641314506531 555.55357837677 
55.94330920850873 -3.1847198862210826 E 55.94330920850873 -3.1844198862210824 518.3641314506531 554.30357837677 
55.94330920850873 -3.1844198862210824 NNW 55.943586372368486 -3.184534691250792 518.3641314506531 553.05357837677 
55.943586372368486 -3.184534691250792 NNW 55.94386353622824 -3.1846494962805014 518.3641314506531 551.80357837677 
55.94386353622824 -3.1846494962805014 SE 55.943651404193886 -3.1844373642461457 518.3641314506531 550.55357837677 
55.943651404193886 -3.1844373642461457 SSW 55.94337424033413 -3.184552169275855 518.3641314506531 549.30357837677 
55.94337424033413 -3.184552169275855 WSW 55.94325943530442 -3.1848293331356086 518.3641314506531 548.05357837677 
55.94325943530442 -3.1848293331356086 E 55.94325943530442 -3.1845293331356084 518.3641314506531 546.80357837677 
55.94325943530442 -3.1845293331356084 WSW 55.94314463027471 -3.184806496995362 518.3641314506531 545.55357837677 
55.94314463027471 -3.184806496995362 S 55.942844630274706 -3.184806496995362 518.3641314506531 544.30357837677 
55.942844630274706 -3.184806496995362 NW 55.94305676230906 -3.1850186290297176 518.3641314506531 543.05357837677 
55.94305676230906 -3.1850186290297176 SW 55.942844630274706 -3.1852307610640733 518.3641314506531 541.80357837677 
55.942844630274706 -3.1852307610640733 E 55.942844630274706 -3.184930761064073 518.3641314506531 540.55357837677 
55.942844630274706 -3.184930761064073 WNW 55.94295943530442 -3.1852079249238265 518.3641314506531 539.30357837677 
55.94295943530442 -3.1852079249238265 SSE 55.94268227144466 -3.185093119894117 518.3641314506531 538.05357837677 
55.94268227144466 -3.185093119894117 E 55.94268227144466 -3.184793119894117 518.3641314506531 536.80357837677 
55.94268227144466 -3.184793119894117 ENE 55.94279707647437 -3.1845159560343634 518.3641314506531 535.55357837677 
55.94279707647437 -3.1845159560343634 WNW 55.94291188150408 -3.184793119894117 518.3641314506531 534.30357837677 
55.94291188150408 -3.184793119894117 SSE 55.942634717644324 -3.1846783148644073 518.3641314506531 533.05357837677 
55.942634717644324 -3.1846783148644073 W 55.942634717644324 -3.1849783148644075 518.3641314506531 531.80357837677 
55.942634717644324 -3.1849783148644075 NW 55.94284684967868 -3.1851904468987633 518.3641314506531 530.55357837677 
55.94284684967868 -3.1851904468987633 N 55.94314684967868 -3.1851904468987633 518.3641314506531 529.30357837677 
55.94314684967868 -3.1851904468987633 NW 55.94335898171304 -3.185402578933119 518.3641314506531 528.05357837677 
55.94335898171304 -3.185402578933119 NW 55.943571113747396 -3.185614710967475 518.3641314506531 526.80357837677 
55.943571113747396 -3.185614710967475 SSW 55.94329394988764 -3.1857295159971843 518.3641314506531 525.55357837677 
55.94329394988764 -3.1857295159971843 SSE 55.94301678602788 -3.185614710967475 518.3641314506531 524.30357837677 
55.94301678602788 -3.185614710967475 S 55.94271678602788 -3.185614710967475 518.3641314506531 523.05357837677 
55.94271678602788 -3.185614710967475 E 55.94271678602788 -3.1853147109674746 518.3641314506531 521.80357837677 
55.94271678602788 -3.1853147109674746 N 55.94301678602788 -3.1853147109674746 518.3641314506531 520.55357837677 
55.94301678602788 -3.1853147109674746 ESE 55.94290198099817 -3.1850375471077212 518.3641314506531 519.30357837677 
55.94290198099817 -3.1850375471077212 SSE 55.942624817138416 -3.1849227420780117 518.3641314506531 518.05357837677 
55.942624817138416 -3.1849227420780117 E 55.942624817138416 -3.1846227420780115 518.3641314506531 516.80357837677 
55.942624817138416 -3.1846227420780115 NE 55.94283694917277 -3.1844106100436558 518.3641314506531 515.55357837677 
55.94283694917277 -3.1844106100436558 W 55.94283694917277 -3.184710610043656 518.3641314506531 514.30357837677 
55.94283694917277 -3.184710610043656 NNW 55.94311411303253 -3.1848254150733655 518.3641314506531 513.05357837677 
55.94311411303253 -3.1848254150733655 S 55.942814113032526 -3.1848254150733655 518.3641314506531 511.80357837677 
55.942814113032526 -3.1848254150733655 ESE 55.942699308002815 -3.184548251213612 518.3641314506531 510.55357837677 
55.942699308002815 -3.184548251213612 W 55.942699308002815 -3.1848482512136123 518.3641314506531 509.30357837677 
55.942699308002815 -3.1848482512136123 NE 55.94291144003717 -3.1846361191792565 518.3641314506531 508.05357837677 
55.94291144003717 -3.1846361191792565 NW 55.94312357207153 -3.1848482512136123 518.3641314506531 506.80357837677 
55.94312357207153 -3.1848482512136123 SW 55.94291144003717 -3.185060383247968 518.3641314506531 505.55357837677 
55.94291144003717 -3.185060383247968 NNE 55.94318860389693 -3.1849455782182585 518.3641314506531 504.30357837677 
55.94318860389693 -3.1849455782182585 S 55.942888603896925 -3.1849455782182585 518.3641314506531 503.05357837677 
55.942888603896925 -3.1849455782182585 ESE 55.942773798867215 -3.184668414358505 518.3641314506531 501.80357837677 
55.942773798867215 -3.184668414358505 ESE 55.942658993837505 -3.1843912504987517 518.3641314506531 500.55357837677 
55.942658993837505 -3.1843912504987517 WNW 55.942773798867215 -3.184668414358505 518.3641314506531 499.30357837677 
55.942773798867215 -3.184668414358505 NW 55.94298593090157 -3.184880546392861 518.3641314506531 498.05357837677 
55.94298593090157 -3.184880546392861 NE 55.94319806293593 -3.184668414358505 518.3641314506531 496.80357837677 
55.94319806293593 -3.184668414358505 N 55.9434980