55.944425 -3.188396 ESE 55.94431019497029 -3.1881188361402466 73.26874542236328 270.9655075073242 
55.94431019497029 -3.1881188361402466 W 55.94431019497029 -3.188418836140247 73.26874542236328 269.7155075073242 
55.94431019497029 -3.188418836140247 WNW 55.944425 -3.188696 73.26874542236328 268.4655075073242 
55.944425 -3.188696 WSW 55.94431019497029 -3.1889731638597536 91.60100936889648 300.19425201416016 
55.94431019497029 -3.1889731638597536 WNW 55.944425 -3.189250327719507 91.60100936889648 298.94425201416016 
55.944425 -3.189250327719507 N 55.944725000000005 -3.189250327719507 157.46791458129883 383.05743408203125 
55.944725000000005 -3.189250327719507 W 55.944725000000005 -3.189550327719507 170.67943000793457 489.25335693359375 
55.944725000000005 -3.189550327719507 N 55.94502500000001 -3.189550327719507 293.65268898010254 575.6669235229492 
55.94502500000001 -3.189550327719507 WNW 55.94513980502972 -3.1898274915792606 293.65268898010254 574.4169235229492 
55.94513980502972 -3.1898274915792606 WNW 55.94525461005943 -3.190104655439014 293.65268898010254 573.1669235229492 
55.94525461005943 -3.190104655439014 WSW 55.94513980502972 -3.1903818192987674 299.0478358268738 691.1949615478516 
55.94513980502972 -3.1903818192987674 N 55.94543980502972 -3.1903818192987674 338.8861346244812 724.6810073852539 
55.94543980502972 -3.1903818192987674 NNW 55.94571696888948 -3.190496624328477 338.8861346244812 723.4310073852539 
55.94571696888948 -3.190496624328477 NE 55.945929100923834 -3.190284492294121 338.8861346244812 722.1810073852539 
55.945929100923834 -3.190284492294121 N 55.94622910092384 -3.190284492294121 340.3973106145859 743.2051277160645 
55.94622910092384 -3.190284492294121 W 55.94622910092384 -3.1905844922941213 340.3973106145859 741.9551277160645 
55.94622910092384 -3.1905844922941213 SW 55.94601696888948 -3.190796624328477 388.43612134456635 839.1126594543457 
55.94601696888948 -3.190796624328477 WSW 55.94590216385977 -3.1910737881882305 437.9981826543808 926.4875526428223 
55.94590216385977 -3.1910737881882305 WNW 55.94601696888948 -3.191350952047984 437.9981826543808 925.2375526428223 
55.94601696888948 -3.191350952047984 W 55.94601696888948 -3.191650952047984 555.7719634771347 936.6299352645874 
55.94601696888948 -3.191650952047984 WSW 55.94590216385977 -3.1919281159077375 555.7719634771347 935.3799352645874 
55.94590216385977 -3.1919281159077375 WSW 55.94578735883006 -3.192205279767491 555.7719634771347 934.1299352645874 
55.94578735883006 -3.192205279767491 S 55.94548735883006 -3.192205279767491 555.7719634771347 932.8799352645874 
55.94548735883006 -3.192205279767491 S 55.945187358830054 -3.192205279767491 555.7719634771347 931.6299352645874 
55.945187358830054 -3.192205279767491 S 55.94488735883005 -3.192205279767491 555.7719634771347 930.3799352645874 
55.94488735883005 -3.192205279767491 SSE 55.944610194970295 -3.1920904747377814 555.7719634771347 929.1299352645874 
55.944610194970295 -3.1920904747377814 SE 55.94439806293594 -3.1918783427034256 646.0126785039902 971.8410749435425 
55.94439806293594 -3.1918783427034256 S 55.944098062935936 -3.1918783427034256 646.0126785039902 970.5910749435425 
55.944098062935936 -3.1918783427034256 S 55.94379806293593 -3.1918783427034256 646.0126785039902 969.3410749435425 
55.94379806293593 -3.1918783427034256 ESE 55.94368325790622 -3.1916011788436722 668.801809668541 1086.6933317184448 
55.94368325790622 -3.1916011788436722 W 55.94368325790622 -3.1919011788436724 668.801809668541 1085.4433317184448 
55.94368325790622 -3.1919011788436724 WSW 55.94356845287651 -3.192178342703426 669.4237555265427 1150.0008726119995 
55.94356845287651 -3.192178342703426 S 55.94326845287651 -3.192178342703426 726.1450155973434 1228.5575590133667 
55.94326845287651 -3.192178342703426 ENE 55.94338325790622 -3.1919011788436724 726.1450155973434 1227.3075590133667 
55.94338325790622 -3.1919011788436724 ENE 55.94349806293593 -3.191624014983919 726.1450155973434 1226.0575590133667 
55.94349806293593 -3.191624014983919 ENE 55.94361286796564 -3.1913468511241656 726.1450155973434 1224.8075590133667 
55.94361286796564 -3.1913468511241656 ENE 55.94372767299535 -3.191069687264412 726.1450155973434 1223.5575590133667 
55.94372767299535 -3.191069687264412 NNE 55.94400483685511 -3.1909548822347027 738.8134745359421 1268.009539604187 
55.94400483685511 -3.1909548822347027 ESE 55.9438900318254 -3.1906777183749493 802.2609614133835 1361.0240201950073 
55.9438900318254 -3.1906777183749493 SSE 55.94361286796564 -3.19056291334524 802.2609614133835 1359.7740201950073 
55.94361286796564 -3.19056291334524 SSE 55.943335704105884 -3.1904481083155303 912.9107111692429 1414.1946249008179 
55.943335704105884 -3.1904481083155303 E 55.943335704105884 -3.19014810831553 916.3252218961716 1439.4133291244507 
55.943335704105884 -3.19014810831553 NE 55.94354783614024 -3.1899359762811743 916.3252218961716 1438.1633291244507 
55.94354783614024 -3.1899359762811743 NNE 55.943825 -3.189821171251465 916.3252218961716 1436.9133291244507 
55.943825 -3.189821171251465 NNE 55.94410216385975 -3.1897063662217553 997.5626791715622 1461.2252569198608 
55.94410216385975 -3.1897063662217553 NNE 55.94437932771951 -3.189591561192046 997.5626791715622 1459.9752569198608 
55.94437932771951 -3.189591561192046 NNE 55.944656491579266 -3.1894767561623363 997.5626791715622 1458.7252569198608 
55.944656491579266 -3.1894767561623363 N 55.94495649157927 -3.1894767561623363 997.5626791715622 1457.4752569198608 
55.94495649157927 -3.1894767561623363 NNE 55.945233655439026 -3.1893619511326268 997.5626791715622 1456.2252569198608 
55.945233655439026 -3.1893619511326268 N 55.94553365543903 -3.1893619511326268 997.5626791715622 1454.9752569198608 
55.94553365543903 -3.1893619511326268 N 55.94583365543903 -3.1893619511326268 1038.485957980156 1502.8276319503784 
55.94583365543903 -3.1893619511326268 ESE 55.94571885040932 -3.1890847872728734 1038.485957980156 1501.5776319503784 
55.94571885040932 -3.1890847872728734 ESE 55.94560404537961 -3.18880762341312 1038.485957980156 1500.3276319503784 
55.94560404537961 -3.18880762341312 ENE 55.94571885040932 -3.1885304595533666 1038.485957980156 1499.0776319503784 
55.94571885040932 -3.1885304595533666 SE 55.945506718374965 -3.188318327519011 1038.485957980156 1497.8276319503784 
55.945506718374965 -3.188318327519011 E 55.945506718374965 -3.1880183275190106 1133.7515524625778 1507.397307395935 
55.945506718374965 -3.1880183275190106 E 55.945506718374965 -3.1877183275190104 1133.7515524625778 1506.147307395935 
55.945506718374965 -3.1877183275190104 E 55.945506718374965 -3.18741832751901 1133.7515524625778 1504.897307395935 
55.945506718374965 -3.18741832751901 ENE 55.945621523404675 -3.187141163659257 1165.2187308073044 1545.2762174606323 
55.945621523404675 -3.187141163659257 SE 55.94540939137032 -3.186929031624901 1165.2187308073044 1544.0262174606323 
55.94540939137032 -3.186929031624901 SE 55.94519725933596 -3.1867168995905453 1165.2187308073044 1542.7762174606323 
55.94519725933596 -3.1867168995905453 SE 55.94498512730161 -3.1865047675561895 1165.2187308073044 1541.5262174606323 
55.94498512730161 -3.1865047675561895 SE 55.94477299526725 -3.1862926355218337 1175.156386256218 1571.5877294540405 
55.94477299526725 -3.1862926355218337 SSW 55.944495831407494 -3.1864074405515432 1175.156386256218 1570.3377294540405 
55.944495831407494 -3.1864074405515432 SSE 55.94421866754774 -3.1862926355218337 1193.2403591871262 1604.3190984725952 
55.94421866754774 -3.1862926355218337 SE 55.94400653551338 -3.186080503487478 1193.2403591871262 1603.0690984725952 
55.94400653551338 -3.186080503487478 SE 55.943794403479025 -3.185868371453122 1193.2403591871262 1601.8190984725952 
55.943794403479025 -3.185868371453122 E 55.943794403479025 -3.185568371453122 1251.4440602064133 1662.50155544281 
55.943794403479025 -3.185568371453122 ENE 55.943909208508735 -3.1852912075933686 1251.4440602064133 1661.25155544281 
55.943909208508735 -3.1852912075933686 ENE 55.944024013538446 -3.185014043733615 1251.4440602064133 1660.00155544281 
55.944024013538446 -3.185014043733615 ENE 55.944138818568156 -3.184736879873862 1341.7348469495773 1779.758635520935 
55.944138818568156 -3.184736879873862 NNW 55.94441598242791 -3.1848516849035713 1341.7348469495773 1778.508635520935 
55.94441598242791 -3.1848516849035713 NNW 55.94469314628767 -3.184966489933281 1341.7348469495773 1777.258635520935 
55.94469314628767 -3.184966489933281 N 55.94499314628767 -3.184966489933281 1427.3151386976242 1831.5115041732788 
55.94499314628767 -3.184966489933281 N 55.945293146287675 -3.184966489933281 1445.4689148664474 1924.1511144638062 
55.945293146287675 -3.184966489933281 E 55.945293146287675 -3.1846664899332806 1459.9599169492722 1943.1551904678345 
55.945293146287675 -3.1846664899332806 N 55.94559314628768 -3.1846664899332806 1459.9599169492722 1941.9051904678345 
55.94559314628768 -3.1846664899332806 N 55.94589314628768 -3.1846664899332806 1581.3617800474167 1963.1899728775024 
55.94589314628768 -3.1846664899332806 WSW 55.94577834125797 -3.184943653793034 1639.9406756162643 1992.0443239212036 
55.94577834125797 -3.184943653793034 N 55.94607834125797 -3.184943653793034 1741.2465761899948 2022.4605627059937 
55.94607834125797 -3.184943653793034 SW 55.94586620922362 -3.18515578582739 1741.2465761899948 2021.2105627059937 
55.94586620922362 -3.18515578582739 SW 55.94565407718926 -3.1853679178617456 1741.2465761899948 2019.9605627059937 
55.94565407718926 -3.1853679178617456 SSW 55.945376913329504 -3.185482722891455 1741.2465761899948 2018.7105627059937 
55.945376913329504 -3.185482722891455 SW 55.94516478129515 -3.185694854925811 1741.2465761899948 2017.4605627059937 
55.94516478129515 -3.185694854925811 SSW 55.94488761743539 -3.1858096599555203 1741.2465761899948 2016.2105627059937 
55.94488761743539 -3.1858096599555203 SW 55.944675485401035 -3.186021791989876 1741.2465761899948 2014.9605627059937 
55.944675485401035 -3.186021791989876 SSW 55.94439832154128 -3.1861365970195856 1741.2465761899948 2013.7105627059937 
55.94439832154128 -3.1861365970195856 SW 55.94418618950692 -3.1863487290539414 1741.2465761899948 2012.4605627059937 
55.94418618950692 -3.1863487290539414 SSW 55.943909025647166 -3.186463534083651 1741.2465761899948 2011.2105627059937 
55.943909025647166 -3.186463534083651 SW 55.94369689361281 -3.1866756661180067 1741.2465761899948 2009.9605627059937 
55.94369689361281 -3.1866756661180067 S 55.94339689361281 -3.1866756661180067 1793.9703654050827 2077.823431968689 
55.94339689361281 -3.1866756661180067 SSE 55.94311972975305 -3.186560861088297 1793.9703654050827 2076.573431968689 
55.94311972975305 -3.186560861088297 SE 55.942907597718694 -3.1863487290539414 1815.7859991788864 2117.2797803878784 
