55.944425 -3.188396 SE 55.944212867965646 -3.1881838679656442 73.369384765625 326.0788345336914 
55.944212867965646 -3.1881838679656442 NNW 55.9444900318254 -3.1882986729953537 73.369384765625 324.8288345336914 
55.9444900318254 -3.1882986729953537 ESE 55.94437522679569 -3.1880215091356003 73.369384765625 323.5788345336914 
55.94437522679569 -3.1880215091356003 E 55.94437522679569 -3.1877215091356 73.369384765625 322.3288345336914 
55.94437522679569 -3.1877215091356 W 55.94437522679569 -3.1880215091356003 73.369384765625 321.0788345336914 
55.94437522679569 -3.1880215091356003 WSW 55.94426042176598 -3.1882986729953537 73.369384765625 319.8288345336914 
55.94426042176598 -3.1882986729953537 N 55.944560421765985 -3.1882986729953537 73.369384765625 318.5788345336914 
55.944560421765985 -3.1882986729953537 NNW 55.94483758562574 -3.1884134780250633 73.369384765625 317.3288345336914 
55.94483758562574 -3.1884134780250633 NE 55.9450497176601 -3.1882013459907075 73.369384765625 316.0788345336914 
55.9450497176601 -3.1882013459907075 SW 55.94483758562574 -3.1884134780250633 73.369384765625 314.8288345336914 
55.94483758562574 -3.1884134780250633 SE 55.944625453591385 -3.1882013459907075 73.369384765625 313.5788345336914 
55.944625453591385 -3.1882013459907075 ENE 55.944740258621096 -3.187924182130954 73.369384765625 312.3288345336914 
55.944740258621096 -3.187924182130954 SSW 55.94446309476134 -3.1880389871606636 73.369384765625 311.0788345336914 
55.94446309476134 -3.1880389871606636 ESE 55.94434828973163 -3.18776182330091 73.369384765625 309.8288345336914 
55.94434828973163 -3.18776182330091 SE 55.94413615769727 -3.1875496912665544 73.369384765625 308.5788345336914 
55.94413615769727 -3.1875496912665544 S 55.94383615769727 -3.1875496912665544 73.369384765625 307.3288345336914 
55.94383615769727 -3.1875496912665544 NW 55.944048289731626 -3.18776182330091 73.369384765625 306.0788345336914 
55.944048289731626 -3.18776182330091 SW 55.94383615769727 -3.187973955335266 73.369384765625 304.8288345336914 
55.94383615769727 -3.187973955335266 WSW 55.94372135266756 -3.1882511191950194 73.369384765625 303.5788345336914 
55.94372135266756 -3.1882511191950194 WNW 55.94383615769727 -3.1885282830547728 73.369384765625 302.3288345336914 
55.94383615769727 -3.1885282830547728 NE 55.944048289731626 -3.188316151020417 73.369384765625 301.0788345336914 
55.944048289731626 -3.188316151020417 W 55.944048289731626 -3.188616151020417 73.369384765625 299.8288345336914 
55.944048289731626 -3.188616151020417 ENE 55.944163094761336 -3.1883389871606638 73.369384765625 298.5788345336914 
55.944163094761336 -3.1883389871606638 NE 55.94437522679569 -3.188126855126308 73.369384765625 297.3288345336914 
55.94437522679569 -3.188126855126308 N 55.944675226795695 -3.188126855126308 73.369384765625 296.0788345336914 
55.944675226795695 -3.188126855126308 E 55.944675226795695 -3.187826855126308 73.369384765625 294.8288345336914 
55.944675226795695 -3.187826855126308 SSE 55.94439806293594 -3.1877120500965983 73.369384765625 293.5788345336914 
55.94439806293594 -3.1877120500965983 SSE 55.94412089907618 -3.187597245066889 73.369384765625 292.3288345336914 
55.94412089907618 -3.187597245066889 SSW 55.943843735216426 -3.1877120500965983 73.369384765625 291.0788345336914 
55.943843735216426 -3.1877120500965983 ESE 55.943728930186715 -3.187434886236845 73.369384765625 289.8288345336914 
55.943728930186715 -3.187434886236845 W 55.943728930186715 -3.187734886236845 73.369384765625 288.5788345336914 
55.943728930186715 -3.187734886236845 N 55.94402893018672 -3.187734886236845 73.369384765625 287.3288345336914 
55.94402893018672 -3.187734886236845 SSE 55.94375176632696 -3.1876200812071356 73.369384765625 286.0788345336914 
55.94375176632696 -3.1876200812071356 NE 55.94396389836132 -3.18740794917278 73.369384765625 284.8288345336914 
55.94396389836132 -3.18740794917278 N 55.94426389836132 -3.18740794917278 73.369384765625 283.5788345336914 
55.94426389836132 -3.18740794917278 S 55.94396389836132 -3.18740794917278 73.369384765625 282.3288345336914 
55.94396389836132 -3.18740794917278 NNW 55.944241062221074 -3.1875227542024893 73.369384765625 281.0788345336914 
55.944241062221074 -3.1875227542024893 SE 55.94402893018672 -3.1873106221681335 73.369384765625 279.8288345336914 
55.94402893018672 -3.1873106221681335 N 55.94432893018672 -3.1873106221681335 73.369384765625 278.5788345336914 
55.94432893018672 -3.1873106221681335 S 55.94402893018672 -3.1873106221681335 73.369384765625 277.3288345336914 
55.94402893018672 -3.1873106221681335 WNW 55.94414373521643 -3.187587786027887 73.369384765625 276.0788345336914 
55.94414373521643 -3.187587786027887 SE 55.94393160318207 -3.187375653993531 73.369384765625 274.8288345336914 
55.94393160318207 -3.187375653993531 ENE 55.94404640821178 -3.1870984901337778 73.369384765625 273.5788345336914 
55.94404640821178 -3.1870984901337778 NE 55.94425854024614 -3.186886358099422 183.97835540771484 343.74034881591797 
55.94425854024614 -3.186886358099422 NW 55.944470672280495 -3.1870984901337778 183.97835540771484 342.49034881591797 
55.944470672280495 -3.1870984901337778 E 55.944470672280495 -3.1867984901337776 183.97835540771484 341.24034881591797 
55.944470672280495 -3.1867984901337776 NE 55.94468280431485 -3.186586358099422 183.97835540771484 339.99034881591797 
55.94468280431485 -3.186586358099422 E 55.94468280431485 -3.1862863580994216 183.97835540771484 338.74034881591797 
55.94468280431485 -3.1862863580994216 NNE 55.94495996817461 -3.186171553069712 199.69717979431152 430.78236389160156 
55.94495996817461 -3.186171553069712 NNE 55.945237132034364 -3.1860567480400026 306.01656913757324 446.6588249206543 
55.945237132034364 -3.1860567480400026 NNE 55.94551429589412 -3.185941943010293 419.90402030944824 480.2626037597656 
55.94551429589412 -3.185941943010293 SE 55.945302163859765 -3.1857298109759373 419.90402030944824 479.0126037597656 
55.945302163859765 -3.1857298109759373 SE 55.94509003182541 -3.1855176789415816 419.90402030944824 477.7626037597656 
55.94509003182541 -3.1855176789415816 NNE 55.945367195685165 -3.185402873911872 419.90402030944824 476.5126037597656 
55.945367195685165 -3.185402873911872 S 55.94506719568516 -3.185402873911872 419.90402030944824 475.2626037597656 
55.94506719568516 -3.185402873911872 W 55.94506719568516 -3.1857028739118722 419.90402030944824 474.0126037597656 
55.94506719568516 -3.1857028739118722 E 55.94506719568516 -3.185402873911872 419.90402030944824 472.7626037597656 
55.94506719568516 -3.185402873911872 ESE 55.94495239065545 -3.1851257100521186 419.90402030944824 471.5126037597656 
55.94495239065545 -3.1851257100521186 NE 55.94516452268981 -3.184913578017763 452.6968822479248 557.3726043701172 
55.94516452268981 -3.184913578017763 E 55.94516452268981 -3.1846135780177627 452.6968822479248 556.1226043701172 
55.94516452268981 -3.1846135780177627 SSW 55.94488735883005 -3.184728383047472 452.6968822479248 554.8726043701172 
55.94488735883005 -3.184728383047472 NNE 55.94516452268981 -3.1846135780177627 452.6968822479248 553.6226043701172 
55.94516452268981 -3.1846135780177627 NNW 55.945441686549565 -3.184728383047472 452.6968822479248 552.3726043701172 
55.945441686549565 -3.184728383047472 NE 55.94565381858392 -3.1845162510131164 522.1553936004639 667.2070007324219 
55.94565381858392 -3.1845162510131164 NNW 55.94593098244368 -3.184631056042826 522.1553936004639 665.9570007324219 
55.94593098244368 -3.184631056042826 SW 55.94571885040932 -3.1848431880771817 522.1553936004639 664.7070007324219 
55.94571885040932 -3.1848431880771817 NNW 55.94599601426908 -3.184957993106891 522.1553936004639 663.4570007324219 
55.94599601426908 -3.184957993106891 E 55.94599601426908 -3.184657993106891 522.1553936004639 662.2070007324219 
55.94599601426908 -3.184657993106891 W 55.94599601426908 -3.184957993106891 522.1553936004639 660.9570007324219 
55.94599601426908 -3.184957993106891 S 55.945696014269075 -3.184957993106891 522.1553936004639 659.7070007324219 
55.945696014269075 -3.184957993106891 WSW 55.945581209239364 -3.1852351569666446 522.1553936004639 658.4570007324219 
55.945581209239364 -3.1852351569666446 E 55.945581209239364 -3.1849351569666444 522.1553936004639 657.2070007324219 
55.945581209239364 -3.1849351569666444 NNE 55.94585837309912 -3.184820351936935 522.1553936004639 655.9570007324219 
55.94585837309912 -3.184820351936935 ESE 55.94574356806941 -3.1845431880771815 522.1553936004639 654.7070007324219 
55.94574356806941 -3.1845431880771815 SSE 55.945466404209654 -3.184428383047472 522.1553936004639 653.4570007324219 
55.945466404209654 -3.184428383047472 WSW 55.94535159917994 -3.1847055469072254 522.1553936004639 652.2070007324219 
55.94535159917994 -3.1847055469072254 SE 55.94513946714559 -3.1844934148728696 522.1553936004639 650.9570007324219 
55.94513946714559 -3.1844934148728696 SSW 55.94486230328583 -3.184608219902579 522.1553936004639 649.7070007324219 
55.94486230328583 -3.184608219902579 NNW 55.94513946714559 -3.1847230249322886 522.1553936004639 648.4570007324219 
55.94513946714559 -3.1847230249322886 SE 55.94492733511123 -3.184510892897933 522.1553936004639 647.2070007324219 
55.94492733511123 -3.184510892897933 SSW 55.944650171251475 -3.1846256979276424 522.1553936004639 645.9570007324219 
55.944650171251475 -3.1846256979276424 WSW 55.944535366221764 -3.184902861787396 522.1553936004639 644.7070007324219 
55.944535366221764 -3.184902861787396 E 55.944535366221764 -3.1846028617873956 522.1553936004639 643.4570007324219 
55.944535366221764 -3.1846028617873956 WSW 55.944420561192054 -3.184880025647149 522.1553936004639 642.2070007324219 
55.944420561192054 -3.184880025647149 S 55.94412056119205 -3.184880025647149 522.1553936004639 640.9570007324219 
55.94412056119205 -3.184880025647149 E 55.94412056119205 -3.184580025647149 608.0311870574951 715.7217178344727 
55.94412056119205 -3.184580025647149 NW 55.94433269322641 -3.1847921576815046 608.0311870574951 714.4717178344727 
55.94433269322641 -3.1847921576815046 SW 55.94412056119205 -3.1850042897158604 608.0311870574951 713.2217178344727 
55.94412056119205 -3.1850042897158604 E 55.94412056119205 -3.18470428971586 608.0311870574951 711.9717178344727 
55.94412056119205 -3.18470428971586 SSW 55.943843397332294 -3.1848190947455697 608.0311870574951 710.7217178344727 
55.943843397332294 -3.1848190947455697 WNW 55.943958202362005 -3.185096258605323 608.0311870574951 709.4717178344727 
55.943958202362005 -3.185096258605323 WSW 55.943843397332294 -3.1853734224650765 685.2462749481201 717.3774394989014 
55.943843397332294 -3.1853734224650765 SSE 55.94356623347254 -3.185258617435367 685.2462749481201 716.1274394989014 
55.94356623347254 -3.185258617435367 SSW 55.94328906961278 -3.1853734224650765 685.2462749481201 714.8774394989014 
55.94328906961278 -3.1853734224650765 S 55.94298906961278 -3.1853734224650765 720.3859195709229 773.9686908721924 
55.94298906961278 -3.1853734224650765 SSW 55.94271190575302 -3.185488227494786 720.3859195709229 772.7186908721924 
55.94271190575302 -3.185488227494786 E 55.94271190575302 -3.185188227494786 720.3859195709229 771.4686908721924 
55.94271190575302 -3.185188227494786 ENE 55.94282671078273 -3.1849110636350324 720.3859195709229 770.2186908721924 
55.94282671078273 -3.1849110636350324 ESE 55.94271190575302 -3.184633899775279 720.3859195709229 768.9686908721924 
55.94271190575302 -3.184633899775279 E 55.94271190575302 -3.184333899775279 720.3859195709229 767.7186908721924 
55.94271190575302 -3.184333899775279 WNW 55.94282671078273 -3.184611063635032 720.3859195709229 766.4686908721924 
55.94282671078273 -3.184611063635032 ESE 55.94271190575302 -3.184333899775279 720.3859195709229 765.2186908721924 
55.94271190575302 -3.184333899775279 W 55.94271190575302 -3.184633899775279 720.3859195709229 763.9686908721924 
55.94271190575302 -3.184633899775279 NW 55.94292403778738 -3.1848460318096348 720.3859195709229 762.7186908721924 
55.94292403778738 -3.1848460318096348 N 55.94322403778738 -3.1848460318096348 720.3859195709229 761.4686908721924 
55.94322403778738 -3.1848460318096348 NW 55.94343616982174 -3.1850581638439905 720.3859195709229 760.2186908721924 
55.94343616982174 -3.1850581638439905 NW 55.94364830185609 -3.1852702958783463 720.3859195709229 758.9686908721924 
55.94364830185609 -3.1852702958783463 SSW 55.94337113799634 -3.185385100908056 720.3859195709229 757.7186908721924 
55.94337113799634 -3.185385100908056 SSE 55.94309397413658 -3.1852702958783463 720.3859195709229 756.4686908721924 
55.94309397413658 -3.1852702958783463 S 55.94279397413658 -3.1852702958783463 720.3859195709229 755.2186908721924 
55.94279397413658 -3.1852702958783463 E 55.94279397413658 -3.184970295878346 720.3859195709229 753.9686908721924 
55.94279397413658 -3.184970295878346 N 55.94309397413658 -3.184970295878346 720.3859195709229 752.7186908721924 
55.94309397413658 -3.184970295878346 ESE 55.94297916910687 -3.1846931320185927 720.3859195709229 751.4686908721924 
55.94297916910687 -3.1846931320185927 SSE 55.942702005247114 -3.184578326988883 720.3859195709229 750.2186908721924 
55.942702005247114 -3.184578326988883 NE 55.94291413728147 -3.1843661949545274 720.3859195709229 748.9686908721924 
55.94291413728147 -3.1843661949545274 W 55.94291413728147 -3.1846661949545276 720.3859195709229 747.7186908721924 
55.94291413728147 -3.1846661949545276 NNW 55.943191301141226 -3.184780999984237 720.3859195709229 746.4686908721924 
55.943191301141226 -3.184780999984237 S 55.94289130114122 -3.184780999984237 720.3859195709229 745.2186908721924 
55.94289130114122 -3.184780999984237 ESE 55.94277649611151 -3.1845038361244837 720.3859195709229 743.9686908721924 
55.94277649611151 -3.1845038361244837 W 55.94277649611151 -3.184803836124484 720.3859195709229 742.7186908721924 
55.94277649611151 -3.184803836124484 NE 55.94298862814587 -3.184591704090128 720.3859195709229 741.4686908721924 
55.94298862814587 -3.184591704090128 NW 55.943200760180225 -3.184803836124484 720.3859195709229 740.2186908721924 
55.943200760180225 -3.184803836124484 SW 55.94298862814587 -3.1850159681588397 720.3859195709229 738.9686908721924 
55.94298862814587 -3.1850159681588397 NNE 55.943265792005626 -3.18490116312913 720.3859195709229 737.7186908721924 
55.943265792005626 -3.18490116312913 S 55.94296579200562 -3.18490116312913 720.3859195709229 736.4686908721924 
55.94296579200562 -3.18490116312913 ESE 55.94285098697591 -3.184623999269377 720.3859195709229 735.2186908721924 
55.94285098697591 -3.184623999269377 ESE 55.9427361819462 -3.1843468354096234 720.3859195709229 733.9686908721924 
55.9427361819462 -3.1843468354096234 WSW 55.94262137691649 -3.184623999269377 720.3859195709229 732.7186908721924 
55.94262137691649 -3.184623999269377 WNW 55.9427361819462 -3.18490116312913 720.3859195709229 731.4686908721924 
55.9427361819462 -3.18490116312913 NW 55.94294831398056 -3.185113295163486 720.3859195709229 730.2186908721924 
55.94294831398056 -3.185113295163486 NE 55.943160446014915 -3.18490116312913 720.3859195709229 728.9686908721924 
55.943160446014915 -3.18490116312913 N 55.94346044601492 -3.18490116312913 720.3859195709229 727.7186908721924 
55.94346044601492 -3.18490116312913 NW 55.943672578049274 -3.185113295163486 720.3859195709229 726.4686908721924 
55.943672578049274 -3.185113295163486 N 55.94397257804928 -3.185113295163486 720.3859195709229 725.2186908721924 
55.94397257804928 -3.185113295163486 SSE 55.94369541418952 -3.1849984901337764 720.3859195709229 723.9686908721924 
55.94369541418952 -3.1849984901337764 N 55.94399541418952 -3.1849984901337764 720.3859195709229 722.7186908721924 
55.94399541418952 -3.1849984901337764 WNW 55.94411021921923 -3.18527565399353 720.3859195709229 721.4686908721924 
55.94411021921923 -3.18527565399353 WSW 55.94399541418952 -3.1855528178532833 720.3859195709229 720.2186908721924 
55.94399541418952 -3.1855528178532833 WNW 55.94411021921923 -3.1858299817130367 720.3859195709229 718.9686908721924 
55.94411021921923 -3.1858299817130367 WSW 55.94399541418952 -3.18610714557279 720.3859195709229 717.7186908721924 
55.94399541418952 -3.18610714557279 WNW 55.94411021921923 -3.1863843094325435 752.0476226806641 796.0400562286377 
55.94411021921923 -3.1863843094325435 SW 55.9438980871848