55.944425 -3.188396 WSW 55.94431019497029 -3.1886731638597534 71.7407455444336 339.6203155517578 
55.94431019497029 -3.1886731638597534 S 55.94401019497029 -3.1886731638597534 89.70792388916016 397.23415756225586 
55.94401019497029 -3.1886731638597534 NNW 55.944287358830046 -3.188787968889463 89.70792388916016 395.98415756225586 
55.944287358830046 -3.188787968889463 SSE 55.94401019497029 -3.1886731638597534 89.70792388916016 394.73415756225586 
55.94401019497029 -3.1886731638597534 SW 55.94379806293593 -3.188885295894109 89.70792388916016 393.48415756225586 
55.94379806293593 -3.188885295894109 E 55.94379806293593 -3.188585295894109 89.70792388916016 392.23415756225586 
55.94379806293593 -3.188585295894109 W 55.94379806293593 -3.188885295894109 89.70792388916016 390.98415756225586 
55.94379806293593 -3.188885295894109 WSW 55.94368325790622 -3.1891624597538626 89.70792388916016 389.73415756225586 
55.94368325790622 -3.1891624597538626 SE 55.943471125871866 -3.188950327719507 89.70792388916016 388.48415756225586 
55.943471125871866 -3.188950327719507 N 55.94377112587187 -3.188950327719507 89.70792388916016 387.23415756225586 
55.94377112587187 -3.188950327719507 NNW 55.944048289731626 -3.1890651327492163 89.70792388916016 385.98415756225586 
55.944048289731626 -3.1890651327492163 NE 55.94426042176598 -3.1888530007148606 89.70792388916016 384.73415756225586 
55.94426042176598 -3.1888530007148606 SW 55.944048289731626 -3.1890651327492163 89.70792388916016 383.48415756225586 
55.944048289731626 -3.1890651327492163 SE 55.94383615769727 -3.1888530007148606 89.70792388916016 382.23415756225586 
55.94383615769727 -3.1888530007148606 ENE 55.94395096272698 -3.188575836855107 89.70792388916016 380.98415756225586 
55.94395096272698 -3.188575836855107 SSW 55.94367379886722 -3.1886906418848167 89.70792388916016 379.73415756225586 
55.94367379886722 -3.1886906418848167 SSW 55.94339663500747 -3.188805446914526 89.70792388916016 378.48415756225586 
55.94339663500747 -3.188805446914526 ESE 55.94328182997776 -3.1885282830547728 89.70792388916016 377.23415756225586 
55.94328182997776 -3.1885282830547728 SE 55.9430696979434 -3.188316151020417 89.70792388916016 375.98415756225586 
55.9430696979434 -3.188316151020417 W 55.9430696979434 -3.188616151020417 89.70792388916016 374.73415756225586 
55.9430696979434 -3.188616151020417 WSW 55.94295489291369 -3.1888933148801706 168.82798767089844 470.01933670043945 
55.94295489291369 -3.1888933148801706 S 55.94265489291369 -3.1888933148801706 168.82798767089844 468.76933670043945 
55.94265489291369 -3.1888933148801706 NW 55.94286702494804 -3.1891054469145264 168.82798767089844 467.51933670043945 
55.94286702494804 -3.1891054469145264 SW 55.94265489291369 -3.189317578948882 168.82798767089844 466.26933670043945 
55.94265489291369 -3.189317578948882 WNW 55.9427696979434 -3.1895947428086355 168.82798767089844 465.01933670043945 
55.9427696979434 -3.1895947428086355 W 55.9427696979434 -3.1898947428086357 168.82798767089844 463.76933670043945 
55.9427696979434 -3.1898947428086357 ENE 55.94288450297311 -3.1896175789488823 168.82798767089844 462.51933670043945 
55.94288450297311 -3.1896175789488823 SE 55.94267237093875 -3.1894054469145265 168.82798767089844 461.26933670043945 
55.94267237093875 -3.1894054469145265 NE 55.94288450297311 -3.1891933148801708 168.82798767089844 460.01933670043945 
55.94288450297311 -3.1891933148801708 E 55.94288450297311 -3.1888933148801706 168.82798767089844 458.76933670043945 
55.94288450297311 -3.1888933148801706 ESE 55.9427696979434 -3.188616151020417 168.82798767089844 457.51933670043945 
55.9427696979434 -3.188616151020417 W 55.9427696979434 -3.1889161510204174 168.82798767089844 456.26933670043945 
55.9427696979434 -3.1889161510204174 N 55.9430696979434 -3.1889161510204174 168.82798767089844 455.01933670043945 
55.9430696979434 -3.1889161510204174 SSE 55.942792534083644 -3.188801345990708 168.82798767089844 453.76933670043945 
55.942792534083644 -3.188801345990708 NE 55.943004666118 -3.188589213956352 168.82798767089844 452.51933670043945 
55.943004666118 -3.188589213956352 N 55.943304666118 -3.188589213956352 168.82798767089844 451.26933670043945 
55.943304666118 -3.188589213956352 S 55.943004666118 -3.188589213956352 168.82798767089844 450.01933670043945 
55.943004666118 -3.188589213956352 NNW 55.94328182997776 -3.1887040189860616 168.82798767089844 448.76933670043945 
55.94328182997776 -3.1887040189860616 SE 55.9430696979434 -3.188491886951706 168.82798767089844 447.51933670043945 
55.9430696979434 -3.188491886951706 N 55.9433696979434 -3.188491886951706 168.82798767089844 446.26933670043945 
55.9433696979434 -3.188491886951706 S 55.9430696979434 -3.188491886951706 168.82798767089844 445.01933670043945 
55.9430696979434 -3.188491886951706 WNW 55.94318450297311 -3.1887690508114592 168.82798767089844 443.76933670043945 
55.94318450297311 -3.1887690508114592 W 55.94318450297311 -3.1890690508114594 168.82798767089844 442.51933670043945 
55.94318450297311 -3.1890690508114594 SE 55.942972370938755 -3.1888569187771036 168.82798767089844 441.26933670043945 
55.942972370938755 -3.1888569187771036 ENE 55.943087175968465 -3.1885797549173502 168.82798767089844 440.01933670043945 
55.943087175968465 -3.1885797549173502 NW 55.94329930800282 -3.188791886951706 168.82798767089844 438.76933670043945 
55.94329930800282 -3.188791886951706 E 55.94329930800282 -3.188491886951706 168.82798767089844 437.51933670043945 
55.94329930800282 -3.188491886951706 NE 55.94351144003718 -3.18827975491735 168.82798767089844 436.26933670043945 
55.94351144003718 -3.18827975491735 NE 55.943723572071534 -3.1880676228829943 185.16557693481445 556.4626731872559 
55.943723572071534 -3.1880676228829943 E 55.943723572071534 -3.187767622882994 185.16557693481445 555.2126731872559 
55.943723572071534 -3.187767622882994 SE 55.94351144003718 -3.1875554908486383 185.16557693481445 553.9626731872559 
55.94351144003718 -3.1875554908486383 NE 55.943723572071534 -3.1873433588142825 208.12092399597168 609.1553611755371 
55.943723572071534 -3.1873433588142825 SE 55.94351144003718 -3.1871312267799268 208.12092399597168 607.9053611755371 
55.94351144003718 -3.1871312267799268 NNE 55.943788603896934 -3.1870164217502173 208.12092399597168 606.6553611755371 
55.943788603896934 -3.1870164217502173 S 55.94348860389693 -3.1870164217502173 208.12092399597168 605.4053611755371 
55.94348860389693 -3.1870164217502173 NE 55.94370073593129 -3.1868042897158615 208.12092399597168 604.1553611755371 
55.94370073593129 -3.1868042897158615 E 55.94370073593129 -3.1865042897158613 208.12092399597168 602.9053611755371 
55.94370073593129 -3.1865042897158613 W 55.94370073593129 -3.1868042897158615 208.12092399597168 601.6553611755371 
55.94370073593129 -3.1868042897158615 E 55.94370073593129 -3.1865042897158613 208.12092399597168 600.4053611755371 
55.94370073593129 -3.1865042897158613 ESE 55.94358593090158 -3.186227125856108 208.12092399597168 599.1553611755371 
55.94358593090158 -3.186227125856108 WNW 55.94370073593129 -3.1865042897158613 208.12092399597168 597.9053611755371 
55.94370073593129 -3.1865042897158613 E 55.94370073593129 -3.186204289715861 208.12092399597168 596.6553611755371 
55.94370073593129 -3.186204289715861 SSW 55.94342357207153 -3.1863190947455706 208.12092399597168 595.4053611755371 
55.94342357207153 -3.1863190947455706 NNE 55.94370073593129 -3.186204289715861 208.12092399597168 594.1553611755371 
55.94370073593129 -3.186204289715861 NNW 55.943977899791044 -3.1863190947455706 208.12092399597168 592.9053611755371 
55.943977899791044 -3.1863190947455706 NE 55.9441900318254 -3.186106962711215 326.27311515808105 665.1320610046387 
55.9441900318254 -3.186106962711215 NNW 55.94446719568516 -3.1862217677409244 326.27311515808105 663.8820610046387 
55.94446719568516 -3.1862217677409244 WSW 55.944352390655446 -3.1864989316006778 348.9203643798828 736.2168159484863 
55.944352390655446 -3.1864989316006778 SW 55.94414025862109 -3.1867110636350335 348.9203643798828 734.9668159484863 
55.94414025862109 -3.1867110636350335 NNW 55.944417422480846 -3.186825868664743 348.9203643798828 733.7168159484863 
55.944417422480846 -3.186825868664743 NNW 55.9446945863406 -3.1869406736944526 348.9203643798828 732.4668159484863 
55.9446945863406 -3.1869406736944526 E 55.9446945863406 -3.1866406736944524 348.9203643798828 731.2168159484863 
55.9446945863406 -3.1866406736944524 W 55.9446945863406 -3.1869406736944526 348.9203643798828 729.9668159484863 
55.9446945863406 -3.1869406736944526 NNW 55.94497175020036 -3.187055478724162 348.9203643798828 728.7168159484863 
55.94497175020036 -3.187055478724162 S 55.94467175020036 -3.187055478724162 348.9203643798828 727.4668159484863 
55.94467175020036 -3.187055478724162 SSW 55.9443945863406 -3.1871702837538716 348.9203643798828 726.2168159484863 
55.9443945863406 -3.1871702837538716 WSW 55.94427978131089 -3.187447447613625 348.9203643798828 724.9668159484863 
55.94427978131089 -3.187447447613625 WNW 55.9443945863406 -3.1877246114733784 450.3155212402344 780.9188613891602 
55.9443945863406 -3.1877246114733784 SE 55.944182454306244 -3.1875124794390226 450.3155212402344 779.6688613891602 
55.944182454306244 -3.1875124794390226 NNE 55.944459618166 -3.187397674409313 450.3155212402344 778.4188613891602 
55.944459618166 -3.187397674409313 ESE 55.94434481313629 -3.1871205105495597 450.3155212402344 777.1688613891602 
55.94434481313629 -3.1871205105495597 ENE 55.944459618166 -3.1868433466898063 450.3155212402344 775.9188613891602 
55.944459618166 -3.1868433466898063 SSE 55.944182454306244 -3.186728541660097 450.3155212402344 774.6688613891602 
55.944182454306244 -3.186728541660097 E 55.944182454306244 -3.1864285416600966 450.3155212402344 773.4188613891602 
55.944182454306244 -3.1864285416600966 WSW 55.94406764927653 -3.18670570551985 450.3155212402344 772.1688613891602 
55.94406764927653 -3.18670570551985 SE 55.94385551724218 -3.1864935734854942 450.3155212402344 770.9188613891602 
55.94385551724218 -3.1864935734854942 SSW 55.94357835338242 -3.1866083785152037 450.3155212402344 769.6688613891602 
55.94357835338242 -3.1866083785152037 E 55.94357835338242 -3.1863083785152035 450.3155212402344 768.4188613891602 
55.94357835338242 -3.1863083785152035 NNW 55.94385551724218 -3.186423183544913 450.3155212402344 767.1688613891602 
55.94385551724218 -3.186423183544913 NNW 55.944132681101934 -3.1865379885746226 450.3155212402344 765.9188613891602 
55.944132681101934 -3.1865379885746226 SE 55.94392054906758 -3.186325856540267 450.3155212402344 764.6688613891602 
55.94392054906758 -3.186325856540267 SSW 55.94364338520782 -3.1864406615699763 450.3155212402344 763.4188613891602 
55.94364338520782 -3.1864406615699763 WSW 55.94352858017811 -3.1867178254297297 450.3155212402344 762.1688613891602 
55.94352858017811 -3.1867178254297297 E 55.94352858017811 -3.1864178254297295 450.3155212402344 760.9188613891602 
55.94352858017811 -3.1864178254297295 WSW 55.9434137751484 -3.186694989289483 450.3155212402344 759.6688613891602 
55.9434137751484 -3.186694989289483 S 55.9431137751484 -3.186694989289483 504.8653564453125 823.5353393554688 
55.9431137751484 -3.186694989289483 S 55.942813775148394 -3.186694989289483 504.8653564453125 822.2853393554688 
55.942813775148394 -3.186694989289483 NW 55.94302590718275 -3.1869071213238387 504.8653564453125 821.0353393554688 
55.94302590718275 -3.1869071213238387 SW 55.942813775148394 -3.1871192533581945 504.8653564453125 819.7853393554688 
55.942813775148394 -3.1871192533581945 E 55.942813775148394 -3.1868192533581943 504.8653564453125 818.5353393554688 
55.942813775148394 -3.1868192533581943 WNW 55.942928580178105 -3.1870964172179477 504.8653564453125 817.2853393554688 
55.942928580178105 -3.1870964172179477 SSE 55.94265141631835 -3.186981612188238 504.8653564453125 816.0353393554688 
55.94265141631835 -3.186981612188238 E 55.94265141631835 -3.186681612188238 504.8653564453125 814.7853393554688 
55.94265141631835 -3.186681612188238 ENE 55.94276622134806 -3.1864044483284846 504.8653564453125 813.5353393554688 
55.94276622134806 -3.1864044483284846 ESE 55.94265141631835 -3.186127284468731 504.8653564453125 812.2853393554688 
55.94265141631835 -3.186127284468731 E 55.94265141631835 -3.185827284468731 504.8653564453125 811.0353393554688 
55.94265141631835 -3.185827284468731 WNW 55.94276622134806 -3.1861044483284844 504.8653564453125 809.7853393554688 
55.94276622134806 -3.1861044483284844 ESE 55.94265141631835 -3.185827284468731 504.8653564453125 808.5353393554688 
55.94265141631835 -3.185827284468731 W 55.94265141631835 -3.186127284468731 504.8653564453125 807.2853393554688 
55.94265141631835 -3.186127284468731 NW 55.942863548352705 -3.186339416503087 504.8653564453125 806.0353393554688 
55.942863548352705 -3.186339416503087 N 55.94316354835271 -3.186339416503087 504.8653564453125 804.7853393554688 
55.94316354835271 -3.186339416503087 NW 55.943375680387064 -3.1865515485374427 504.8653564453125 803.5353393554688 
55.943375680387064 -3.1865515485374427 NW 55.94358781242142 -3.1867636805717985 504.8653564453125 802.2853393554688 
55.94358781242142 -3.1867636805717985 SSW 55.94331064856166 -3.186878485601508 504.8653564453125 801.0353393554688 
55.94331064856166 -3.186878485601508 SSE 55.94303348470191 -3.1867636805717985 504.8653564453125 799.7853393554688 
55.94303348470191 -3.1867636805717985 S 55.942733484701904 -3.1867636805717985 504.8653564453125 798.5353393554688 
55.942733484701904 -3.1867636805717985 E 55.942733484701904 -3.1864636805717983 504.8653564453125 797.2853393554688 
55.942733484701904 -3.1864636805717983 N 55.94303348470191 -3.1864636805717983 504.8653564453125 796.0353393554688 
55.94303348470191 -3.1864636805717983 ESE 55.942918679672196 -3.186186516712045 504.8653564453125 794.7853393554688 
55.942918679672196 -3.186186516712045 SSE 55.94264151581244 -3.1860717116823354 504.8653564453125 793.5353393554688 
55.94264151581244 -3.1860717116823354 E 55.94264151581244 -3.185771711682335 504.8653564453125 792.2853393554688 
55.94264151581244 -3.185771711682335 NE 55.942853647846796 -3.1855595796479794 504.8653564453125 791.0353393554688 
55.942853647846796 -3.1855595796479794 NNW 55.94313081170655 -3.185674384677689 556.0565185546875 914.475471496582 
55.94313081170655 -3.185674384677689 ESE 55.94301600667684 -3.1853972208179355 578.9902687072754 933.1101722717285 
55.94301600667684 -3.1853972208179355 SE 55.942803874642486 -3.1851850887835798 578.9902687072754 931.8601722717285 
55.942803874642486 -3.1851850887835798 NNE 55.94308103850224 -3.1850702837538702 578.9902687072754 930.6101722717285 
55.94308103850224 -3.1850702837538702 W 55.94308103850224 -3.1853702837538704 578.9902687072754 929.3601722717285 
55.94308103850224 -3.1853702837538704 NNW 55.943358202362 -3.18548508878358 578.9902687072754 928.1101722717285 
55.943358202362 -3.18548508878358 S 55.943058202361996 -3.18548508878358 578.9902687072754 926.8601722717285 
55.943058202361996 -3.18548508878358 ESE 55.942943397332286 -3.1852079249238265 578.9902687072754 925.6101722717285 
55.942943397332286 -3.1852079249238265 S 55.94264339733228 -3.1852079249238265 578.9902687072754 924.3601722717285 
55.94264339733228 -3.1852079249238265 W 55.94264339733228 -3.1855079249238267 578.9902687072754 923.1101722717285 
55.94264339733228 -3.1855079249238267 NE 55.94285552936664 -3.185295792889471 578.9902687072754 921.8601722717285 
55.94285552936664 -3.185295792889471 NW 55.943067661400995 -3.1855079249238267 578.9902687072754 920.6101722717285 
55.943067661400995 -3.1855079249238267 SW 55.94285552936664 -3.1857200569581825 578.9902687072754 919.3601722717285 
55.94285552936664 -3.1857200569581825 NNE 55.943132693226396 -3.185605251928473 578.9902687072754 918.1101722717285 
55.943132693226396 -3.185605251928473 S 55.94283269322639 -3.185605251928473 578.9902687072754 916.8601722717285 
55.94283269322639 -3.185605251928473 ESE 55.94271788819668 -3.1853280880687196 578.9902687072754 915.6101722717285 
55.94271788819668 -3.1853280880687196 E 55.94271788819668 -3.1850280880687194 578.9902687072754 914.3601722717285 
55.94271788819668 -3.1850280880687194 WNW 55.94283269322639 -3.185305251928473 578.9902687072754 913.1101722717285 
55.94283269322639 -3.185305251928473 NW 55.94304482526075 -3.1855173839628286 578.9902687072754 911.8601722717285 
55.94304482526075 -3.1855173839628286 NE 55.943256957295105 -3.185305251928473 578.9902687072754 910.6101722717285 
55.943256957295105 -3.185305251928473 NW 55.94346908932946 -3.1855173839628286 578.9902687072754 909.3601722717285 
55.94346908932946 -3.1855173839628286 N 55.943769089329464 -3.1855173839628286 578.9902687072754 908.1101722717285 
55.943769089329464 -3.1855173839628286 NE 55.94398122136382 -3.185305251928473 691.0930061340332 908.5478466749191 
55.94398122136382 -3.185305251928473 N 55.94428122136382 -3.185305251928473 691.0930061340332 907.2978466749191 
55.94428122136382 -3.185305251928473 WNW 55.944396026393534 -3.185582415788226 691.0930061340332 906.0478466749191 
55.944396026393534 -3.185582415788226 WNW 55.944510831423244 -3.1858595796479796 691.0930061340332 904.7978466749191 
55.944510831423244 -3.1858595796479796 NW 55.9447229634576 -3.1860717116823354 691.0930061340332 903.5478466749191 
55.9447229634576 -3.1860717116823354 NW 55.94493509549196 -3.186283843716691 691.0930061340332 902.2978466749191 
55.94493509549196 -3.186283843716691 WSW 55.944820290462246 -3.1865610075764446 691.0930061340332 901.0478466749191 
55.944820290462246 -3.1865610075764446 SE 55.94460815842789 -3.186348875542089 691.0930061340332 899.7978466749191 
55.94460815842789 -3.186348875542089 NW 55.944820290462246 -3.1865610075764446 691.0930061340332 898.5478466749191 
55.944820290462246 -3.1865610075764446 SSE 55.94454312660249 -3.186446202546735 691.0930061340332 897.2978466749191 
55.94454312660249 -3.186446202546735 W 55.94454312660249 -3.1867462025467352 691.0930061340332 896.0478466749191 
55.94454312660249 -3.1867462025467352 N 55.94484312660249 -3.1867462025467352 691.0930061340332 894.7978466749191 
55.94484312660249 -3.1867462025467352 NNW 55.94512029046225 -3.1868610075764447 691.0930061340332 893.5478466749191 
55.94512029046225 -3.1868610075764447 NNW 55.945397454322006 -3.1869758126061543 691.0930061340332 892.2978466749191 
55.945397454322006 -3.1869758126061543 NNW 55.94567461818176 -3.1870906176358638 723.106502532959 902.6539276838303 
55.94567461818176 -3.1870906176358638 WSW 55.94555981315205 -3.187367781495617 723.106502532959 901.4039276838303 
55.94555981315205 -3.187367781495617 SSW 55.945282649292295 -3.1874825865253267 723.106502532959 900.1539276838303 
55.945282649292295 -3.1874825865253267 NNE 55.94555981315205 -3.187367781495617 723.106502532959 898.9039276838303 
55.94555981315205 -3.187367781495617 ENE 55.94567461818176 -3.1870906176358638 723.106502532959 897.6539276838303 
55.94567461818176 -3.1870906176358638 E 55.94567461818176 -3.1867906176358636 723.106502532959 896.4039276838303 
55.94567461818176 -3.1867906176358636 ESE 55.94555981315205 -3.18651345377611 759.2097663879395 933.0050476789474 
55.94555981315205 -3.18651345377611 WNW 55.94567461818176 -3.1867906176358636 759.2097663879395 931.7550476789474 
55.94567461818176 -3.1867906176358636 ENE 55.94578942321147 -3.18651345377611 759.2097663879395 930.5050476789474 
55.94578942321147 -3.18651345377611 NNE 55.94606658707123 -3.1863986487464007 759.2097663879395 929.2550476789474 
55.94606658707123 -3.1863986487464007 S 55.945766587071226 -3.1863986487464007 759.2097663879395 928.0050476789474 
55.945766587071226 -3.1863986487464007 SW 55.94555445503687 -3.1866107807807564 759.2097663879395 926.7550476789474 
55.94555445503687 -3.1866107807807564 NE 55.945766587071226 -3.1863986487464007 759.2097663879395 925.5050476789474 
55.945766587071226 -3.1863986487464007 WNW 55.94588139210094 -3.186675812606154 759.2097663879395 924.2550476789474 
55.94588139210094 -3.186675812606154 W 55.94588139210094 -3.1869758126061543 759.2097663879395 923.0050476789474 
55.94588139210094 -3.1869758126061543 NNW 55.94615855596069 -3.1870906176358638 759.2097663879395 921.7550476789474 
55.94615855596069 -3.1870906176358638 SSE 55.94588139210094 -3.1869758126061543 759.2097663879395 920.5050476789474 
55.94588139210094 -3.1869758126061543 W 55.94588139210094 -3.1872758126061544 759.2097663879395 919.2550476789474 
55.94588139210094 -3.1872758126061544 SW 55.94566926006658 -3.18748794464051 759.2097663879395 918.0050476789474 
55.94566926006658 -3.18748794464051 SE 55.945457128032224 -3.1872758126061544 759.2097663879395 916.7550476789474 
55.945457128032224 -3.1872758126061544 SE 55.94524499599787 -3.1870636805717987 759.2097663879395 915.5050476789474 
55.94524499599787 -3.1870636805717987 SSE 55.94496783213811 -3.186948875542089 759.2097663879395 914.2550476789474 
55.94496783213811 -3.186948875542089 S 55.94466783213811 -3.186948875542089 759.2097663879395 913.0050476789474 
55.94466783213811 -3.186948875542089 NNE 55.944944995997865 -3.1868340705123797 759.2097663879395 911.7550476789474 
55.944944995997865 -3.1868340705123797 N 55.94524499599787 -3.1868340705123797 759.2097663879395 910.5050476789474 
55.94524499599787 -3.1868340705123797 W 55.94524499599787 -3.18713407051238 759.2097663879395 909.2550476789474 
55.94524499599787 -3.18713407051238 NW 55.945457128032224 -3.1873462025467356 759.2097663879395 908.0050476789474 
55.945457128032224 -3.1873462025467356 WNW 55.945571933061935 -3.187623366406489 759.2097663879395 906.7550476789474 
55.945571933061935 -3.187623366406489 NE 55.94578406509629 -3.1874112343721333 759.2097663879395 905.5050476789474 
55.94578406509629 -3.1874112343721333 SSE 55.945506901236534 -3.1872964293424237 759.2097663879395 904.2550476789474 
55.945506901236534 -3.1872964293424237 E 55.945506901236534 -3.1869964293424236 759.2097663879395 903.0050476789474 
55.945506901236534 -3.1869964293424236 WSW 55.945392096206824 -3.187273593202177 759.2097663879395 901.7550476789474 
55.945392096206824 -3.187273593202177 WSW 55.94527729117711 -3.1875507570619304 759.2097663879395 900.5050476789474 
55.94527729117711 -3.1875507570619304 SE 55.94506515914276 -3.1873386250275746 759.2097663879395 899.2550476789474 
55.94506515914276 -3.1873386250275746 S 55.944765159142754 -3.1873386250275746 759.2097663879395 898.0050476789474 
55.944765159142754 -3.1873386250275746 SSW 55.944487995283 -3.187453430057284 759.2097663879395 896.7550476789474 
55.944487995283 -3.187453430057284 NE 55.944700127317354 -3.1872412980229283 759.2097663879395 895.5050476789474 
55.944700127317354 -3.1872412980229283 W 55.944700127317354 -3.1875412980229285 759.2097663879395 894.2550476789474 
55.944700127317354 -3.1875412980229285 SSE 55.9444229634576 -3.187426492993219 759.2097663879395 893.0050476789474 
55.9444229634576 -3.187426492993219 SE 55.94421083142324 -3.1872143609588632 759.2097663879395 891.7550476789474 
55.94421083142324 -3.1872143609588632 NNW 55.944487995283 -3.1873291659885727 759.2097663879395 890.5050476789474 
55.944487995283 -3.1873291659885727 NNE 55.944765159142754 -3.1872143609588632 759.2097663879395 889.2550476789474 
55.944765159142754 -3.1872143609588632 NNE 55.94504232300251 -3.1870995559291537 759.2097663879395 888.0050476789474 
55.94504232300251 -3.1870995559291537 NNW 55.94531948686227 -3.1872143609588632 759.2097663879395 886.7550476789474 
55.94531948686227 -3.1872143609588632 W 55.94531948686227 -3.1875143609588634 759.2097663879395 885.5050476789474 
55.94531948686227 -3.1875143609588634 WSW 55.94520468183256 -3.187791524818617 759.2097663879395 884.2550476789474 
55.94520468183256 -3.187791524818617 NW 55.94541681386691 -3.1880036568529726 759.2097663879395 883.0050476789474 
55.94541681386691 -3.1880036568529726 NNW 55.94569397772667 -3.188118461882682 867.3352088928223 955.4780167341232 
55.94569397772667 -3.188118461882682 W 55.94569397772667 -3.1884184618826823 930.438549041748 980.6498745679855 
55.94569397772667 -3.1884184618826823 SW 55.94548184569231 -3.188630593917038 976.6957511901855 1025.4370297193527 
55.94548184569231 -3.188630593917038 WSW 55.9453670406626 -3.1889077577767915 976.6957511901855 1024.1870297193527 
55.9453670406626 -3.1889077577767915 SW 55.94515490862825 -3.1891198898111472 976.6957511901855 1022.9370297193527 
55.94515490862825 -3.1891198898111472 W 55.94515490862825 -3.1894198898111474 1094.336757659912 1071.8337506055832 
55.94515490862825 -3.1894198898111474 ESE 55.94504010359854 -3.189142725951394 1094.336757659912 1070.5837506055832 
55.94504010359854 -3.189142725951394 N 55.94534010359854 -3.189142725951394 1094.336757659912 1069.3337506055832 
55.94534010359854 -3.189142725951394 ENE 55.94545490862825 -3.1888655620916406 1094.336757659912 1068.0837506055832 
55.94545490862825 -3.1888655620916406 ENE 55.94556971365796 -3.1885883982318872 1094.336757659912 1066.8337506055832 
55.94556971365796 -3.1885883982318872 N 55.94586971365796 -3.1885883982318872 1094.336757659912 1065.5837506055832 
55.94586971365796 -3.1885883982318872 NNE 55.94614687751772 -3.1884735932021777 1115.544713973999 1172.0614651441574 
55.94614687751772 -3.1884735932021777 S 55.94584687751772 -3.1884735932021777 1115.544713973999 1170.8114651441574 
55.94584687751772 -3.1884735932021777 NW 55.94605900955207 -3.1886857252365335 1115.544713973999 1169.5614651441574 
55.94605900955207 -3.1886857252365335 ENE 55.94617381458178 -3.18840856137678 1115.544713973999 1168.3114651441574 
55.94617381458178 -3.18840856137678 S 55.94587381458178 -3.18840856137678 1115.544713973999 1167.0614651441574 
55.94587381458178 -3.18840856137678 SSW 55.945596650722024 -3.1885233664064896 1115.544713973999 1165.8114651441574 
55.945596650722024 -3.1885233664064896 ENE 55.945711455751734 -3.188246202546736 1115.544713973999 1164.5614651441574 
55.945711455751734 -3.188246202546736 ESE 55.945596650722024 -3.187969038686983 1115.544713973999 1163.3114651441574 
55.945596650722024 -3.187969038686983 E 55.945596650722024 -3.1876690386869826 1115.544713973999 1162.0614651441574 
55.945596650722024 -3.1876690386869826 N 55.94589665072203 -3.1876690386869826 1115.544713973999 1160.8114651441574 
55.94589665072203 -3.1876690386869826 SE 55.94568451868767 -3.187456906652627 1115.544713973999 1159.5614651441574 
55.94568451868767 -3.187456906652627 W 55.94568451868767 -3.187756906652627 1115.544713973999 1158.3114651441574 
55.94568451868767 -3.187756906652627 ESE 55.94556971365796 -3.1874797427928736 1115.544713973999 1157.0614651441574 
55.94556971365796 -3.1874797427928736 E 55.94556971365796 -3.1871797427928734 1115.544713973999 1155.8114651441574 
55.94556971365796 -3.1871797427928734 WSW 55.94545490862825 -3.187456906652627 1115.544713973999 1154.5614651441574 
55.94545490862825 -3.187456906652627 NW 55.945667040662606 -3.1876690386869826 1115.544713973999 1153.3114651441574 
55.945667040662606 -3.1876690386869826 E 55.945667040662606 -3.1873690386869824 1115.544713973999 1152.0614651441574 
55.945667040662606 -3.1873690386869824 WSW 55.945552235632896 -3.187646202546736 1115.544713973999 1150.8114651441574 
55.945552235632896 -3.187646202546736 SW 55.94534010359854 -3.1878583345810916 1115.544713973999 1149.5614651441574 
55.94534010359854 -3.1878583345810916 ENE 55.94545490862825 -3.187581170721338 1115.544713973999 1148.3114651441574 
55.94545490862825 -3.187581170721338 NNW 55.945732072488006 -3.1876959757510477 1115.544713973999 1147.0614651441574 
55.945732072488006 -3.1876959757510477 SW 55.94551994045365 -3.1879081077854035 1115.544713973999 1145.8114651441574 
55.94551994045365 -3.1879081077854035 NNE 55.94579710431341 -3.187793302755694 1115.544713973999 1144.5614651441574 
55.94579710431341 -3.187793302755694 SE 55.94558497227905 -3.187581170721338 1115.544713973999 1143.3114651441574 
55.94558497227905 -3.187581170721338 NNW 55.94586213613881 -3.1876959757510477 1115.544713973999 1142.0614651441574 
55.94586213613881 -3.1876959757510477 SSE 55.94558497227905 -3.187581170721338 1115.544713973999 1140.8114651441574 
55.94558497227905 -3.187581170721338 S 55.94528497227905 -3.187581170721338 1115.544713973999 1139.5614651441574 
55.94528497227905 -3.187581170721338 NNW 55.945562136138804 -3.1876959757510477 1115.544713973999 1138.3114651441574 
55.945562136138804 -3.1876959757510477 ENE 55.945676941168514 -3.1874188118912943 1115.544713973999 1137.0614651441574 
55.945676941168514 -3.1874188118912943 SSW 55.94539977730876 -3.187533616921004 1115.544713973999 1135.8114651441574 
55.94539977730876 -3.187533616921004 S 55.945099777308755 -3.187533616921004 1115.544713973999 1134.5614651441574 
55.945099777308755 -3.187533616921004 WNW 55.945214582338465 -3.187810780780757 1115.544713973999 1133.3114651441574 
55.945214582338465 -3.187810780780757 ENE 55.945329387368176 -3.187533616921004 1115.544713973999 1132.0614651441574 
55.945329387368176 -3.187533616921004 ESE 55.945214582338465 -3.1872564530612504 1115.544713973999 1130.8114651441574 