55.944425 -3.188396 NNW 55.94470216385976 -3.1885108050297095 0.0 248.75 
55.94470216385976 -3.1885108050297095 SW 55.9444900318254 -3.1887229370640653 0.0 247.5 
55.9444900318254 -3.1887229370640653 W 55.9444900318254 -3.1890229370640655 0.0 246.25 
55.9444900318254 -3.1890229370640655 WNW 55.94460483685511 -3.189300100923819 42.54366683959961 337.2258071899414 
55.94460483685511 -3.189300100923819 SE 55.94439270482076 -3.189087968889463 42.54366683959961 335.9758071899414 
55.94439270482076 -3.189087968889463 N 55.94469270482076 -3.189087968889463 42.54366683959961 334.7258071899414 
55.94469270482076 -3.189087968889463 NE 55.944904836855116 -3.1888758368551073 42.54366683959961 333.4758071899414 
55.944904836855116 -3.1888758368551073 N 55.94520483685512 -3.1888758368551073 94.47143173217773 380.55517578125 
55.94520483685512 -3.1888758368551073 SE 55.94499270482076 -3.1886637048207516 94.47143173217773 379.30517578125 
55.94499270482076 -3.1886637048207516 ENE 55.94510750985047 -3.188386540960998 94.47143173217773 378.05517578125 
55.94510750985047 -3.188386540960998 SSW 55.94483034599072 -3.1885013459907077 94.47143173217773 376.80517578125 
55.94483034599072 -3.1885013459907077 SSW 55.94455318213096 -3.188616151020417 94.47143173217773 375.55517578125 
55.94455318213096 -3.188616151020417 W 55.94455318213096 -3.1889161510204174 94.47143173217773 374.30517578125 
55.94455318213096 -3.1889161510204174 S 55.94425318213096 -3.1889161510204174 94.47143173217773 373.05517578125 
55.94425318213096 -3.1889161510204174 NW 55.94446531416531 -3.189128283054773 94.47143173217773 371.80517578125 
55.94446531416531 -3.189128283054773 SW 55.94425318213096 -3.189340415089129 94.47143173217773 370.55517578125 
55.94425318213096 -3.189340415089129 WSW 55.94413837710125 -3.1896175789488823 94.47143173217773 369.30517578125 
55.94413837710125 -3.1896175789488823 NW 55.9443505091356 -3.189829710983238 205.96835708618164 424.4398880004883 
55.9443505091356 -3.189829710983238 WNW 55.94446531416531 -3.1901068748429915 205.96835708618164 423.1898880004883 
55.94446531416531 -3.1901068748429915 NW 55.94467744619967 -3.1903190068773473 276.79809951782227 422.8700135946274 
55.94467744619967 -3.1903190068773473 NE 55.944889578234026 -3.1901068748429915 276.79809951782227 421.6200135946274 
55.944889578234026 -3.1901068748429915 ENE 55.945004383263736 -3.189829710983238 276.79809951782227 420.3700135946274 
55.945004383263736 -3.189829710983238 W 55.945004383263736 -3.1901297109832383 276.79809951782227 419.1200135946274 
55.945004383263736 -3.1901297109832383 ENE 55.94511918829345 -3.189852547123485 276.79809951782227 417.8700135946274 
55.94511918829345 -3.189852547123485 SE 55.94490705625909 -3.189640415089129 276.79809951782227 416.6200135946274 
55.94490705625909 -3.189640415089129 ESE 55.94479225122938 -3.1893632512293757 276.79809951782227 415.3700135946274 
55.94479225122938 -3.1893632512293757 S 55.94449225122938 -3.1893632512293757 276.79809951782227 414.1200135946274 
55.94449225122938 -3.1893632512293757 N 55.94479225122938 -3.1893632512293757 276.79809951782227 412.8700135946274 
55.94479225122938 -3.1893632512293757 E 55.94479225122938 -3.1890632512293755 276.79809951782227 411.6200135946274 
55.94479225122938 -3.1890632512293755 SSE 55.94451508736962 -3.188948446199666 276.79809951782227 410.3700135946274 
55.94451508736962 -3.188948446199666 SSE 55.94423792350987 -3.1888336411699565 276.79809951782227 409.1200135946274 
55.94423792350987 -3.1888336411699565 SSW 55.94396075965011 -3.188948446199666 276.79809951782227 407.8700135946274 
55.94396075965011 -3.188948446199666 ESE 55.9438459546204 -3.1886712823399126 276.79809951782227 406.6200135946274 
55.9438459546204 -3.1886712823399126 SE 55.943633822586044 -3.188459150305557 381.3082389831543 497.6213182210922 
55.943633822586044 -3.188459150305557 W 55.943633822586044 -3.188759150305557 381.3082389831543 496.3713182210922 
55.943633822586044 -3.188759150305557 W 55.943633822586044 -3.189059150305557 381.3082389831543 495.1213182210922 
55.943633822586044 -3.189059150305557 NE 55.9438459546204 -3.1888470182712014 381.3082389831543 493.8713182210922 
55.9438459546204 -3.1888470182712014 N 55.9441459546204 -3.1888470182712014 381.3082389831543 492.6213182210922 
55.9441459546204 -3.1888470182712014 S 55.9438459546204 -3.1888470182712014 381.3082389831543 491.3713182210922 
55.9438459546204 -3.1888470182712014 NNW 55.94412311848016 -3.188961823300911 381.3082389831543 490.1213182210922 
55.94412311848016 -3.188961823300911 N 55.94442311848016 -3.188961823300911 381.3082389831543 488.8713182210922 
55.94442311848016 -3.188961823300911 S 55.94412311848016 -3.188961823300911 381.3082389831543 487.6213182210922 
55.94412311848016 -3.188961823300911 WNW 55.94423792350987 -3.1892389871606643 381.3082389831543 486.3713182210922 
55.94423792350987 -3.1892389871606643 W 55.94423792350987 -3.1895389871606645 381.3082389831543 485.1213182210922 
55.94423792350987 -3.1895389871606645 SE 55.94402579147551 -3.1893268551263088 381.3082389831543 483.8713182210922 
55.94402579147551 -3.1893268551263088 ENE 55.94414059650522 -3.1890496912665554 381.3082389831543 482.6213182210922 
55.94414059650522 -3.1890496912665554 NW 55.94435272853958 -3.189261823300911 381.3082389831543 481.3713182210922 
55.94435272853958 -3.189261823300911 E 55.94435272853958 -3.188961823300911 381.3082389831543 480.1213182210922 
55.94435272853958 -3.188961823300911 NE 55.944564860573934 -3.188749691266555 381.3082389831543 478.8713182210922 
55.944564860573934 -3.188749691266555 SE 55.94435272853958 -3.1885375592321994 381.3082389831543 477.6213182210922 
55.94435272853958 -3.1885375592321994 SE 55.94414059650522 -3.1883254271978436 381.3082389831543 476.3713182210922 
55.94414059650522 -3.1883254271978436 S 55.94384059650522 -3.1883254271978436 381.3082389831543 475.1213182210922 
55.94384059650522 -3.1883254271978436 NE 55.944052728539575 -3.188113295163488 381.3082389831543 473.8713182210922 
55.944052728539575 -3.188113295163488 E 55.944052728539575 -3.1878132951634877 381.3082389831543 472.6213182210922 
55.944052728539575 -3.1878132951634877 SE 55.94384059650522 -3.187601163129132 445.8560981750488 552.858935713768 
55.94384059650522 -3.187601163129132 SW 55.94362846447086 -3.1878132951634877 509.8745307922363 597.2239297628403 
55.94362846447086 -3.1878132951634877 W 55.94362846447086 -3.188113295163488 509.8745307922363 595.9739297628403 
55.94362846447086 -3.188113295163488 E 55.94362846447086 -3.1878132951634877 509.8745307922363 594.7239297628403 
55.94362846447086 -3.1878132951634877 ESE 55.94351365944115 -3.1875361313037343 509.8745307922363 593.4739297628403 
55.94351365944115 -3.1875361313037343 SSW 55.943236495581395 -3.1876509363334438 561.362247467041 618.8068898916245 
55.943236495581395 -3.1876509363334438 E 55.943236495581395 -3.1873509363334436 561.362247467041 617.5568898916245 
55.943236495581395 -3.1873509363334436 SSW 55.94295933172164 -3.187465741363153 623.6056518554688 626.2383340597153 
55.94295933172164 -3.187465741363153 SSW 55.94268216786188 -3.1875805463928626 623.6056518554688 624.9883340597153 
55.94268216786188 -3.1875805463928626 NNE 55.94295933172164 -3.187465741363153 623.6056518554688 623.7383340597153 
55.94295933172164 -3.187465741363153 NNW 55.943236495581395 -3.1875805463928626 623.6056518554688 622.4883340597153 
55.943236495581395 -3.1875805463928626 NNW 55.94351365944115 -3.187695351422572 623.6056518554688 621.2383340597153 
55.94351365944115 -3.187695351422572 NNW 55.94379082330091 -3.1878101564522816 623.6056518554688 619.9883340597153 
55.94379082330091 -3.1878101564522816 NNW 55.944067987160665 -3.187924961481991 623.6056518554688 618.7383340597153 
55.944067987160665 -3.187924961481991 E 55.944067987160665 -3.187624961481991 623.6056518554688 617.4883340597153 
55.944067987160665 -3.187624961481991 W 55.944067987160665 -3.187924961481991 623.6056518554688 616.2383340597153 
55.944067987160665 -3.187924961481991 S 55.94376798716066 -3.187924961481991 623.6056518554688 614.9883340597153 
55.94376798716066 -3.187924961481991 WSW 55.94365318213095 -3.1882021253417445 623.6056518554688 613.7383340597153 
55.94365318213095 -3.1882021253417445 E 55.94365318213095 -3.1879021253417443 623.6056518554688 612.4883340597153 
55.94365318213095 -3.1879021253417443 NNE 55.94393034599071 -3.187787320312035 623.6056518554688 611.2383340597153 
55.94393034599071 -3.187787320312035 ESE 55.943815540961 -3.1875101564522814 623.6056518554688 609.9883340597153 
55.943815540961 -3.1875101564522814 ENE 55.94393034599071 -3.187232992592528 623.6056518554688 608.7383340597153 
55.94393034599071 -3.187232992592528 WSW 55.943815540961 -3.1875101564522814 623.6056518554688 607.4883340597153 
55.943815540961 -3.1875101564522814 SE 55.94360340892664 -3.1872980244179256 623.6056518554688 606.2383340597153 
55.94360340892664 -3.1872980244179256 SSW 55.943326245066885 -3.187412829447635 623.6056518554688 604.9883340597153 
55.943326245066885 -3.187412829447635 E 55.943326245066885 -3.187112829447635 623.6056518554688 603.7383340597153 
55.943326245066885 -3.187112829447635 NNW 55.94360340892664 -3.1872276344773445 623.6056518554688 602.4883340597153 
55.94360340892664 -3.1872276344773445 NNW 55.9438805727864 -3.187342439507054 623.6056518554688 601.2383340597153 
55.9438805727864 -3.187342439507054 SSW 55.94360340892664 -3.1874572445367635 623.6056518554688 599.9883340597153 
55.94360340892664 -3.1874572445367635 WSW 55.94348860389693 -3.187734408396517 623.6056518554688 598.7383340597153 
55.94348860389693 -3.187734408396517 E 55.94348860389693 -3.1874344083965167 623.6056518554688 597.4883340597153 
55.94348860389693 -3.1874344083965167 S 55.94318860389693 -3.1874344083965167 623.6056518554688 596.2383340597153 
55.94318860389693 -3.1874344083965167 NW 55.943400735931284 -3.1876465404308725 623.6056518554688 594.9883340597153 
55.943400735931284 -3.1876465404308725 E 55.943400735931284 -3.1873465404308723 623.6056518554688 593.7383340597153 
55.943400735931284 -3.1873465404308723 SSW 55.94312357207153 -3.187461345460582 623.6056518554688 592.4883340597153 
55.94312357207153 -3.187461345460582 SSE 55.94284640821177 -3.1873465404308723 623.6056518554688 591.2383340597153 
55.94284640821177 -3.1873465404308723 E 55.94284640821177 -3.187046540430872 623.6056518554688 589.9883340597153 
55.94284640821177 -3.187046540430872 ESE 55.94273160318206 -3.1867693765711187 623.6056518554688 588.7383340597153 
55.94273160318206 -3.1867693765711187 ENE 55.94284640821177 -3.1864922127113653 623.6056518554688 587.4883340597153 
55.94284640821177 -3.1864922127113653 WNW 55.94296121324148 -3.1867693765711187 623.6056518554688 586.2383340597153 
55.94296121324148 -3.1867693765711187 SSE 55.942684049381725 -3.186654571541409 623.6056518554688 584.9883340597153 
55.942684049381725 -3.186654571541409 W 55.942684049381725 -3.1869545715414094 623.6056518554688 583.7383340597153 
55.942684049381725 -3.1869545715414094 NW 55.94289618141608 -3.187166703575765 623.6056518554688 582.4883340597153 
55.94289618141608 -3.187166703575765 N 55.943196181416084 -3.187166703575765 623.6056518554688 581.2383340597153 
55.943196181416084 -3.187166703575765 NW 55.94340831345044 -3.187378835610121 623.6056518554688 579.9883340597153 
55.94340831345044 -3.187378835610121 NW 55.9436204454848 -3.1875909676444767 623.6056518554688 578.7383340597153 
55.9436204454848 -3.1875909676444767 SSE 55.94334328162504 -3.187476162614767 623.6056518554688 577.4883340597153 
55.94334328162504 -3.187476162614767 S 55.94304328162504 -3.187476162614767 623.6056518554688 576.2383340597153 
55.94304328162504 -3.187476162614767 E 55.94304328162504 -3.187176162614767 623.6056518554688 574.9883340597153 
55.94304328162504 -3.187176162614767 SSW 55.94276611776528 -3.1872909676444765 623.6056518554688 573.7383340597153 
55.94276611776528 -3.1872909676444765 N 55.943066117765284 -3.1872909676444765 623.6056518554688 572.4883340597153 
55.943066117765284 -3.1872909676444765 ESE 55.94295131273557 -3.187013803784723 623.6056518554688 571.2383340597153 
55.94295131273557 -3.187013803784723 SSE 55.94267414887582 -3.1868989987550136 623.6056518554688 569.9883340597153 
55.94267414887582 -3.1868989987550136 E 55.94267414887582 -3.1865989987550134 623.6056518554688 568.7383340597153 
55.94267414887582 -3.1865989987550134 NE 55.94288628091017 -3.1863868667206576 623.6056518554688 567.4883340597153 
55.94288628091017 -3.1863868667206576 NNE 55.94316344476993 -3.186272061690948 623.6056518554688 566.2383340597153 
55.94316344476993 -3.186272061690948 W 55.94316344476993 -3.1865720616909483 623.6056518554688 564.9883340597153 
55.94316344476993 -3.1865720616909483 NNW 55.943440608629686 -3.186686866720658 623.6056518554688 563.7383340597153 
55.943440608629686 -3.186686866720658 S 55.94314060862968 -3.186686866720658 623.6056518554688 562.4883340597153 
55.94314060862968 -3.186686866720658 ESE 55.94302580359997 -3.1864097028609044 623.6056518554688 561.2383340597153 
55.94302580359997 -3.1864097028609044 SSW 55.942748639740216 -3.186524507890614 623.6056518554688 559.9883340597153 
55.942748639740216 -3.186524507890614 W 55.942748639740216 -3.186824507890614 623.6056518554688 558.7383340597153 
55.942748639740216 -3.186824507890614 NE 55.94296077177457 -3.1866123758562583 623.6056518554688 557.4883340597153 
55.94296077177457 -3.1866123758562583 NW 55.94317290380893 -3.186824507890614 623.6056518554688 556.2383340597153 
55.94317290380893 -3.186824507890614 SW 55.94296077177457 -3.18703663992497 623.6056518554688 554.9883340597153 
55.94296077177457 -3.18703663992497 NNE 55.94323793563433 -3.1869218348952604 623.6056518554688 553.7383340597153 
55.94323793563433 -3.1869218348952604 S 55.942937935634326 -3.1869218348952604 623.6056518554688 552.4883340597153 
55.942937935634326 -3.1869218348952604 ESE 55.942823130604616 -3.186644671035507 623.6056518554688 551.2383340597153 
55.942823130604616 -3.186644671035507 WSW 55.942708325574905 -3.1869218348952604 623.6056518554688 549.9883340597153 
55.942708325574905 -3.1869218348952604 WNW 55.942823130604616 -3.187198998755014 623.6056518554688 548.7383340597153 
55.942823130604616 -3.187198998755014 NW 55.94303526263897 -3.1874111307893696 623.6056518554688 547.4883340597153 
55.94303526263897 -3.1874111307893696 NE 55.94324739467333 -3.187198998755014 623.6056518554688 546.2383340597153 
55.94324739467333 -3.187198998755014 N 55.94354739467333 -3.187198998755014 623.6056518554688 544.9883340597153 
55.94354739467333 -3.187198998755014 NW 55.94375952670769 -3.1874111307893696 623.6056518554688 543.7383340597153 
55.94375952670769 -3.1874111307893696 N 55.94405952670769 -3.1874111307893696 623.6056518554688 542.4883340597153 
55.94405952670769 -3.1874111307893696 SSE 55.943782362847934 -3.18729632575966 623.6056518554688 541.2383340597153 
55.943782362847934 -3.18729632575966 N 55.94408236284794 -3.18729632575966 623.6056518554688 539.9883340597153 
55.94408236284794 -3.18729632575966 WNW 55.94419716787765 -3.1875734896194134 623.6056518554688 538.7383340597153 
55.94419716787765 -3.1875734896194134 WSW 55.94408236284794 -3.187850653479167 623.6056518554688 537.4883340597153 
55.94408236284794 -3.187850653479167 WNW 55.94419716787765 -3.1881278173389203 623.6056518554688 536.2383340597153 
55.94419716787765 -3.1881278173389203 SW 55.94398503584329 -3.188339949373276 623.6056518554688 534.9883340597153 
55.94398503584329 -3.188339949373276 SE 55.943772903808934 -3.1881278173389203 623.6056518554688 533.7383340597153 
55.943772903808934 -3.1881278173389203 NW 55.94398503584329 -3.188339949373276 623.6056518554688 532.4883340597153 
55.94398503584329 -3.188339949373276 SSE 55.943707871983534 -3.1882251443435665 623.6056518554688 531.2383340597153 
55.943707871983534 -3.1882251443435665 W 55.943707871983534 -3.1885251443435667 623.6056518554688 529.9883340597153 
55.943707871983534 -3.1885251443435667 WSW 55.943593066953824 -3.18880230820332 623.6056518554688 528.7383340597153 
55.943593066953824 -3.18880230820332 ENE 55.943707871983534 -3.1885251443435667 623.6056518554688 527.4883340597153 
55.943707871983534 -3.1885251443435667 E 55.943707871983534 -3.