55.944425 -3.188396 SSE 55.944147836140246 -3.1882811949702905 0.0 248.75 
55.944147836140246 -3.1882811949702905 SW 55.94393570410589 -3.1884933270046463 0.0 247.5 
55.94393570410589 -3.1884933270046463 E 55.94393570410589 -3.188193327004646 0.0 246.25 
55.94393570410589 -3.188193327004646 W 55.94393570410589 -3.1884933270046463 0.0 245.0 
55.94393570410589 -3.1884933270046463 WSW 55.94382089907618 -3.1887704908643997 0.0 243.75 
55.94382089907618 -3.1887704908643997 SE 55.94360876704182 -3.188558358830044 0.0 242.5 
55.94360876704182 -3.188558358830044 N 55.943908767041826 -3.188558358830044 0.0 241.25 
55.943908767041826 -3.188558358830044 NNW 55.94418593090158 -3.1886731638597534 0.0 240.0 
55.94418593090158 -3.1886731638597534 NW 55.94439806293594 -3.188885295894109 30.592527389526367 323.3163604736328 
55.94439806293594 -3.188885295894109 NE 55.944610194970295 -3.1886731638597534 30.592527389526367 322.0663604736328 
55.944610194970295 -3.1886731638597534 SW 55.94439806293594 -3.188885295894109 30.592527389526367 320.8163604736328 
55.94439806293594 -3.188885295894109 SE 55.94418593090158 -3.1886731638597534 30.592527389526367 319.5663604736328 
55.94418593090158 -3.1886731638597534 ENE 55.94430073593129 -3.188396 30.592527389526367 318.3163604736328 
55.94430073593129 -3.188396 SSW 55.944023572071536 -3.1885108050297095 30.592527389526367 317.0663604736328 
55.944023572071536 -3.1885108050297095 SSW 55.94374640821178 -3.188625610059419 30.592527389526367 315.8163604736328 
55.94374640821178 -3.188625610059419 ESE 55.94363160318207 -3.1883484461996656 30.592527389526367 314.5663604736328 
55.94363160318207 -3.1883484461996656 SE 55.94341947114771 -3.18813631416531 30.592527389526367 313.3163604736328 
55.94341947114771 -3.18813631416531 W 55.94341947114771 -3.18843631416531 30.592527389526367 312.0663604736328 
55.94341947114771 -3.18843631416531 S 55.94311947114771 -3.18843631416531 30.592527389526367 310.8163604736328 
55.94311947114771 -3.18843631416531 NW 55.94333160318207 -3.188648446199666 30.592527389526367 309.5663604736328 
55.94333160318207 -3.188648446199666 SW 55.94311947114771 -3.1888605782340216 30.592527389526367 308.3163604736328 
55.94311947114771 -3.1888605782340216 WSW 55.943004666118 -3.189137742093775 30.592527389526367 307.0663604736328 
55.943004666118 -3.189137742093775 WSW 55.94288986108829 -3.1894149059535284 137.7761287689209 353.7047309875488 
55.94288986108829 -3.1894149059535284 NW 55.943101993122646 -3.189627037987884 252.21076011657715 431.8983345031738 
55.943101993122646 -3.189627037987884 S 55.94280199312264 -3.189627037987884 327.556676864624 539.0957298278809 
55.94280199312264 -3.189627037987884 WNW 55.94291679815235 -3.1899042018476376 327.556676864624 537.8457298278809 
55.94291679815235 -3.1899042018476376 NW 55.94312893018671 -3.1901163338819933 393.3117198944092 542.276885509491 
55.94312893018671 -3.1901163338819933 NW 55.943341062221066 -3.190328465916349 431.77978706359863 629.643470287323 
55.943341062221066 -3.190328465916349 NE 55.94355319425542 -3.1901163338819933 431.77978706359863 628.393470287323 
55.94355319425542 -3.1901163338819933 ENE 55.94366799928513 -3.18983917002224 431.77978706359863 627.143470287323 
55.94366799928513 -3.18983917002224 W 55.94366799928513 -3.19013917002224 431.77978706359863 625.893470287323 
55.94366799928513 -3.19013917002224 ENE 55.94378280431484 -3.1898620061624867 431.77978706359863 624.643470287323 
55.94378280431484 -3.1898620061624867 SE 55.94357067228049 -3.189649874128131 431.77978706359863 623.393470287323 
55.94357067228049 -3.189649874128131 ESE 55.943455867250776 -3.1893727102683775 431.77978706359863 622.143470287323 
55.943455867250776 -3.1893727102683775 NE 55.94366799928513 -3.1891605782340218 431.77978706359863 620.893470287323 
55.94366799928513 -3.1891605782340218 SSW 55.943390835425376 -3.1892753832637313 431.77978706359863 619.643470287323 
55.943390835425376 -3.1892753832637313 S 55.94309083542537 -3.1892753832637313 431.77978706359863 618.393470287323 
55.94309083542537 -3.1892753832637313 N 55.943390835425376 -3.1892753832637313 431.77978706359863 617.143470287323 
55.943390835425376 -3.1892753832637313 E 55.943390835425376 -3.188975383263731 431.77978706359863 615.893470287323 
55.943390835425376 -3.188975383263731 SSE 55.94311367156562 -3.1888605782340216 431.77978706359863 614.643470287323 
55.94311367156562 -3.1888605782340216 SSE 55.94283650770586 -3.188745773204312 431.77978706359863 613.393470287323 
55.94283650770586 -3.188745773204312 ESE 55.94272170267615 -3.1884686093445587 431.77978706359863 612.143470287323 
55.94272170267615 -3.1884686093445587 W 55.94272170267615 -3.188768609344559 431.77978706359863 610.893470287323 
55.94272170267615 -3.188768609344559 N 55.943021702676155 -3.188768609344559 431.77978706359863 609.643470287323 
55.943021702676155 -3.188768609344559 W 55.943021702676155 -3.189068609344559 431.77978706359863 608.393470287323 
55.943021702676155 -3.189068609344559 SSE 55.9427445388164 -3.1889538043148495 431.77978706359863 607.143470287323 
55.9427445388164 -3.1889538043148495 NE 55.942956670850755 -3.1887416722804938 431.77978706359863 605.893470287323 
55.942956670850755 -3.1887416722804938 N 55.94325667085076 -3.1887416722804938 431.77978706359863 604.643470287323 
55.94325667085076 -3.1887416722804938 S 55.942956670850755 -3.1887416722804938 431.77978706359863 603.393470287323 
55.942956670850755 -3.1887416722804938 NNW 55.94323383471051 -3.1888564773102033 431.77978706359863 602.143470287323 
55.94323383471051 -3.1888564773102033 SE 55.943021702676155 -3.1886443452758475 431.77978706359863 600.893470287323 
55.943021702676155 -3.1886443452758475 N 55.94332170267616 -3.1886443452758475 431.77978706359863 599.643470287323 
55.94332170267616 -3.1886443452758475 S 55.943021702676155 -3.1886443452758475 431.77978706359863 598.393470287323 
55.943021702676155 -3.1886443452758475 WNW 55.943136507705866 -3.188921509135601 431.77978706359863 597.143470287323 
55.943136507705866 -3.188921509135601 W 55.943136507705866 -3.189221509135601 431.77978706359863 595.893470287323 
55.943136507705866 -3.189221509135601 SE 55.94292437567151 -3.1890093771012453 431.77978706359863 594.643470287323 
55.94292437567151 -3.1890093771012453 ENE 55.94303918070122 -3.188732213241492 431.77978706359863 593.393470287323 
55.94303918070122 -3.188732213241492 NW 55.943251312735576 -3.1889443452758477 431.77978706359863 592.143470287323 
55.943251312735576 -3.1889443452758477 E 55.943251312735576 -3.1886443452758475 431.77978706359863 590.893470287323 
55.943251312735576 -3.1886443452758475 NE 55.94346344476993 -3.1884322132414917 431.77978706359863 589.643470287323 
55.94346344476993 -3.1884322132414917 E 55.94346344476993 -3.1881322132414915 431.77978706359863 588.393470287323 
55.94346344476993 -3.1881322132414915 SE 55.943251312735576 -3.1879200812071358 431.77978706359863 587.143470287323 
55.943251312735576 -3.1879200812071358 NNE 55.94352847659533 -3.1878052761774263 431.77978706359863 585.893470287323 
55.94352847659533 -3.1878052761774263 NE 55.94374060862969 -3.1875931441430705 431.77978706359863 584.643470287323 
55.94374060862969 -3.1875931441430705 NNE 55.944017772489445 -3.187478339113361 458.77306365966797 627.0247721672058 
55.944017772489445 -3.187478339113361 E 55.944017772489445 -3.187178339113361 458.77306365966797 625.7747721672058 
55.944017772489445 -3.187178339113361 W 55.944017772489445 -3.187478339113361 458.77306365966797 624.5247721672058 
55.944017772489445 -3.187478339113361 E 55.944017772489445 -3.187178339113361 458.77306365966797 623.2747721672058 
55.944017772489445 -3.187178339113361 ESE 55.943902967459735 -3.1869011752536074 458.77306365966797 622.0247721672058 
55.943902967459735 -3.1869011752536074 E 55.943902967459735 -3.186601175253607 554.7636795043945 743.6453242301941 
55.943902967459735 -3.186601175253607 E 55.943902967459735 -3.186301175253607 609.2885322570801 850.5501856803894 
55.943902967459735 -3.186301175253607 WNW 55.944017772489445 -3.1865783391133604 609.2885322570801 849.3001856803894 
55.944017772489445 -3.1865783391133604 E 55.944017772489445 -3.1862783391133602 609.2885322570801 848.0501856803894 
55.944017772489445 -3.1862783391133602 E 55.944017772489445 -3.18597833911336 706.3380088806152 966.3709101676941 
55.944017772489445 -3.18597833911336 NNE 55.9442949363492 -3.1858635340836505 742.2810592651367 1023.6647715568542 
55.9442949363492 -3.1858635340836505 NNE 55.94457210020896 -3.185748729053941 826.3062057495117 1056.1968913078308 
55.94457210020896 -3.185748729053941 SSW 55.9442949363492 -3.1858635340836505 826.3062057495117 1054.9468913078308 
55.9442949363492 -3.1858635340836505 NNE 55.94457210020896 -3.185748729053941 826.3062057495117 1053.6968913078308 
55.94457210020896 -3.185748729053941 NNW 55.944849264068715 -3.1858635340836505 826.3062057495117 1052.4468913078308 
55.944849264068715 -3.1858635340836505 NNW 55.94512642792847 -3.18597833911336 826.3062057495117 1051.1968913078308 
55.94512642792847 -3.18597833911336 SW 55.944914295894115 -3.186190471147716 826.3062057495117 1049.9468913078308 
55.944914295894115 -3.186190471147716 NNW 55.94519145975387 -3.1863052761774253 826.3062057495117 1048.6968913078308 
55.94519145975387 -3.1863052761774253 NNW 55.94546862361363 -3.186420081207135 880.6984443664551 1133.2536463737488 
55.94546862361363 -3.186420081207135 NNW 55.945745787473385 -3.1865348862368443 880.6984443664551 1132.0036463737488 
55.945745787473385 -3.1865348862368443 NW 55.94595791950774 -3.1867470182712 923.4451789855957 1202.4009470939636 
55.94595791950774 -3.1867470182712 E 55.94595791950774 -3.1864470182712 923.4451789855957 1201.1509470939636 
55.94595791950774 -3.1864470182712 W 55.94595791950774 -3.1867470182712 923.4451789855957 1199.9009470939636 
55.94595791950774 -3.1867470182712 S 55.94565791950774 -3.1867470182712 923.4451789855957 1198.6509470939636 
55.94565791950774 -3.1867470182712 SSW 55.94538075564798 -3.1868618233009096 923.4451789855957 1197.4009470939636 
55.94538075564798 -3.1868618233009096 WSW 55.94526595061827 -3.187138987160663 923.4451789855957 1196.1509470939636 
55.94526595061827 -3.187138987160663 WSW 55.94515114558856 -3.1874161510204164 943.2078723907471 1259.125014781952 
55.94515114558856 -3.1874161510204164 SE 55.944939013554205 -3.1872040189860606 943.2078723907471 1257.875014781952 
55.944939013554205 -3.1872040189860606 E 55.944939013554205 -3.1869040189860605 943.2078723907471 1256.625014781952 
55.944939013554205 -3.1869040189860605 NNE 55.94521617741396 -3.186789213956351 943.2078723907471 1255.375014781952 
55.94521617741396 -3.186789213956351 ESE 55.94510137238425 -3.1865120500965975 943.2078723907471 1254.125014781952 
55.94510137238425 -3.1865120500965975 ENE 55.94521617741396 -3.186234886236844 943.2078723907471 1252.875014781952 
55.94521617741396 -3.186234886236844 SSE 55.944939013554205 -3.1861200812071346 943.2078723907471 1251.625014781952 
55.944939013554205 -3.1861200812071346 E 55.944939013554205 -3.1858200812071344 943.2078723907471 1250.375014781952 
55.944939013554205 -3.1858200812071344 WSW 55.944824208524494 -3.186097245066888 943.2078723907471 1249.125014781952 
55.944824208524494 -3.186097245066888 SE 55.94461207649014 -3.185885113032532 943.2078723907471 1247.875014781952 
55.94461207649014 -3.185885113032532 SSW 55.94433491263038 -3.1859999180622416 943.2078723907471 1246.625014781952 
55.94433491263038 -3.1859999180622416 E 55.94433491263038 -3.1856999180622414 943.2078723907471 1245.375014781952 
55.94433491263038 -3.1856999180622414 NNW 55.94461207649014 -3.185814723091951 943.2078723907471 1244.125014781952 
55.94461207649014 -3.185814723091951 NNW 55.944889240349895 -3.1859295281216604 943.2078723907471 1242.875014781952 
55.944889240349895 -3.1859295281216604 SE 55.94467710831554 -3.1857173960873046 943.2078723907471 1241.625014781952 
55.94467710831554 -3.1857173960873046 SSW 55.94439994445578 -3.185832201117014 943.2078723907471 1240.375014781952 
55.94439994445578 -3.185832201117014 WSW 55.94428513942607 -3.1861093649767676 943.2078723907471 1239.125014781952 
55.94428513942607 -3.1861093649767676 E 55.94428513942607 -3.1858093649767674 943.2078723907471 1237.875014781952 
55.94428513942607 -3.1858093649767674 WSW 55.94417033439636 -3.1860865288365208 943.2078723907471 1236.625014781952 
55.94417033439636 -3.1860865288365208 S 55.94387033439636 -3.1860865288365208 943.2078723907471 1235.375014781952 
55.94387033439636 -3.1860865288365208 SE 55.943658202362 -3.185874396802165 955.7864627838135 1342.410674571991 
55.943658202362 -3.185874396802165 NW 55.94387033439636 -3.1860865288365208 955.7864627838135 1341.160674571991 
55.94387033439636 -3.1860865288365208 SW 55.943658202362 -3.1862986608708765 955.7864627838135 1339.910674571991 
55.943658202362 -3.1862986608708765 E 55.943658202362 -3.1859986608708764 955.7864627838135 1338.660674571991 
55.943658202362 -3.1859986608708764 SSW 55.943381038502245 -3.186113465900586 955.7864627838135 1337.410674571991 
55.943381038502245 -3.186113465900586 WNW 55.943495843531956 -3.1863906297603393 955.7864627838135 1336.160674571991 
55.943495843531956 -3.1863906297603393 SSE 55.9432186796722 -3.1862758247306298 955.7864627838135 1334.910674571991 
55.9432186796722 -3.1862758247306298 SSW 55.94294151581244 -3.1863906297603393 955.7864627838135 1333.660674571991 
55.94294151581244 -3.1863906297603393 SSW 55.942664351952686 -3.1865054347900488 955.7864627838135 1332.410674571991 
55.942664351952686 -3.1865054347900488 E 55.942664351952686 -3.1862054347900486 955.7864627838135 1331.160674571991 
55.942664351952686 -3.1862054347900486 ENE 55.9427791569824 -3.185928270930295 955.7864627838135 1329.910674571991 
55.9427791569824 -3.185928270930295 ESE 55.942664351952686 -3.1856511070705418 955.7864627838135 1328.660674571991 
55.942664351952686 -3.1856511070705418 WNW 55.9427791569824 -3.185928270930295 955.7864627838135 1327.410674571991 
55.9427791569824 -3.185928270930295 ESE 55.942664351952686 -3.1856511070705418 955.7864627838135 1326.160674571991 
55.942664351952686 -3.1856511070705418 W 55.942664351952686 -3.185951107070542 955.7864627838135 1324.910674571991 
55.942664351952686 -3.185951107070542 NW 55.94287648398704 -3.1861632391048977 955.7864627838135 1323.660674571991 
55.94287648398704 -3.1861632391048977 N 55.943176483987045 -3.1861632391048977 955.7864627838135 1322.410674571991 
55.943176483987045 -3.1861632391048977 NW 55.9433886160214 -3.1863753711392535 955.7864627838135 1321.160674571991 
55.9433886160214 -3.1863753711392535 NW 55.94360074805576 -3.1865875031736093 955.7864627838135 1319.910674571991 
55.94360074805576 -3.1865875031736093 SSW 55.943323584196 -3.186702308203319 955.7864627838135 1318.660674571991 
55.943323584196 -3.186702308203319 SSE 55.943046420336245 -3.1865875031736093 955.7864627838135 1317.410674571991 
55.943046420336245 -3.1865875031736093 S 55.94274642033624 -3.1865875031736093 955.7864627838135 1316.160674571991 
55.94274642033624 -3.1865875031736093 E 55.94274642033624 -3.186287503173609 955.7864627838135 1314.910674571991 
55.94274642033624 -3.186287503173609 N 55.943046420336245 -3.186287503173609 955.7864627838135 1313.660674571991 
55.943046420336245 -3.186287503173609 ESE 55.942931615306534 -3.1860103393138557 955.7864627838135 1312.410674571991 
55.942931615306534 -3.1860103393138557 SSE 55.94265445144678 -3.185895534284146 955.7864627838135 1311.160674571991 
55.94265445144678 -3.185895534284146 E 55.94265445144678 -3.185595534284146 955.7864627838135 1309.910674571991 
55.94265445144678 -3.185595534284146 NNE 55.942931615306534 -3.1854807292544365 955.7864627838135 1308.660674571991 
55.942931615306534 -3.1854807292544365 W 55.942931615306534 -3.1857807292544367 955.7864627838135 1307.410674571991 
55.942931615306534 -3.1857807292544367 NNW 55.94320877916629 -3.185895534284146 955.7864627838135 1306.160674571991 
55.94320877916629 -3.185895534284146 S 55.94290877916629 -3.185895534284146 955.7864627838135 1304.910674571991 
55.94290877916629 -3.185895534284146 ESE 55.94279397413658 -3.1856183704243928 955.7864627838135 1303.660674571991 
55.94279397413658 -3.1856183704243928 