55.944425 -3.188396 NNW 55.94470216385976 -3.1885108050297095 0.0 248.75 
55.94470216385976 -3.1885108050297095 NNW 55.944979327719516 -3.188625610059419 94.6374282836914 281.79940032958984 
55.944979327719516 -3.188625610059419 SE 55.94476719568516 -3.1884134780250633 94.6374282836914 280.54940032958984 
55.94476719568516 -3.1884134780250633 ENE 55.94488200071487 -3.18813631416531 160.55941772460938 399.5457763671875 
55.94488200071487 -3.18813631416531 E 55.94488200071487 -3.1878363141653097 164.84733724594116 402.835412979126 
55.94488200071487 -3.1878363141653097 NE 55.945094132749226 -3.187624182130954 242.14730978012085 513.285478591919 
55.945094132749226 -3.187624182130954 ESE 55.944979327719516 -3.1873470182712005 242.14730978012085 512.035478591919 
55.944979327719516 -3.1873470182712005 SSE 55.94470216385976 -3.187232213241491 242.14730978012085 510.78547859191895 
55.94470216385976 -3.187232213241491 SW 55.9444900318254 -3.1874443452758467 242.14730978012085 509.53547859191895 
55.9444900318254 -3.1874443452758467 E 55.9444900318254 -3.1871443452758466 242.14730978012085 508.28547859191895 
55.9444900318254 -3.1871443452758466 E 55.9444900318254 -3.1868443452758464 277.89175176620483 516.005410194397 
55.9444900318254 -3.1868443452758464 W 55.9444900318254 -3.1871443452758466 277.89175176620483 514.755410194397 
55.9444900318254 -3.1871443452758466 WSW 55.94437522679569 -3.1874215091356 277.89175176620483 513.505410194397 
55.94437522679569 -3.1874215091356 SE 55.944163094761336 -3.187209377101244 277.89175176620483 512.255410194397 
55.944163094761336 -3.187209377101244 N 55.94446309476134 -3.187209377101244 277.89175176620483 511.005410194397 
55.94446309476134 -3.187209377101244 NNW 55.944740258621096 -3.1873241821309537 277.89175176620483 509.755410194397 
55.944740258621096 -3.1873241821309537 NE 55.94495239065545 -3.187112050096598 277.89175176620483 508.505410194397 
55.94495239065545 -3.187112050096598 SW 55.944740258621096 -3.1873241821309537 277.89175176620483 507.255410194397 
55.944740258621096 -3.1873241821309537 SE 55.94452812658674 -3.187112050096598 277.89175176620483 506.005410194397 
55.94452812658674 -3.187112050096598 ENE 55.94464293161645 -3.1868348862368445 277.89175176620483 504.755410194397 
55.94464293161645 -3.1868348862368445 SSW 55.94436576775669 -3.186949691266554 277.89175176620483 503.505410194397 
55.94436576775669 -3.186949691266554 SSW 55.94408860389694 -3.1870644962962635 277.89175176620483 502.255410194397 
55.94408860389694 -3.1870644962962635 ESE 55.943973798867226 -3.18678733243651 277.89175176620483 501.005410194397 
55.943973798867226 -3.18678733243651 SE 55.94376166683287 -3.1865752004021544 277.89175176620483 499.755410194397 
55.94376166683287 -3.1865752004021544 W 55.94376166683287 -3.1868752004021546 277.89175176620483 498.505410194397 
55.94376166683287 -3.1868752004021546 SW 55.943549534798514 -3.1870873324365103 376.9144492149353 604.4982538223267 
55.943549534798514 -3.1870873324365103 S 55.94324953479851 -3.1870873324365103 376.9144492149353 603.2482538223267 
55.94324953479851 -3.1870873324365103 NW 55.94346166683287 -3.187299464470866 376.9144492149353 601.9982538223267 
55.94346166683287 -3.187299464470866 SW 55.94324953479851 -3.187511596505222 376.9144492149353 600.7482538223267 
55.94324953479851 -3.187511596505222 SSE 55.942972370938755 -3.1873967914755124 469.2225775718689 693.5713357925415 
55.942972370938755 -3.1873967914755124 WSW 55.942857565909044 -3.1876739553352658 469.2225775718689 692.3213357925415 
55.942857565909044 -3.1876739553352658 WNW 55.942972370938755 -3.187951119195019 469.2225775718689 691.0713357925415 
55.942972370938755 -3.187951119195019 NNW 55.94324953479851 -3.1880659242247287 487.3625102043152 704.3969049453735 
55.94324953479851 -3.1880659242247287 SW 55.943037402764155 -3.1882780562590844 491.4540605545044 715.130331993103 
55.943037402764155 -3.1882780562590844 WSW 55.942922597734444 -3.188555220118838 516.7751131057739 815.8989858627319 
55.942922597734444 -3.188555220118838 NE 55.9431347297688 -3.188343088084482 516.7751131057739 814.6489858627319 
55.9431347297688 -3.188343088084482 ENE 55.94324953479851 -3.1880659242247287 516.7751131057739 813.3989858627319 
55.94324953479851 -3.1880659242247287 W 55.94324953479851 -3.188365924224729 516.7751131057739 812.1489858627319 
55.94324953479851 -3.188365924224729 ENE 55.94336433982822 -3.1880887603649755 516.7751131057739 810.8989858627319 
55.94336433982822 -3.1880887603649755 SE 55.943152207793865 -3.1878766283306197 516.7751131057739 809.6489858627319 
55.943152207793865 -3.1878766283306197 ESE 55.943037402764155 -3.1875994644708663 516.7751131057739 808.3989858627319 
55.943037402764155 -3.1875994644708663 NE 55.94324953479851 -3.1873873324365105 516.7751131057739 807.1489858627319 
55.94324953479851 -3.1873873324365105 SSW 55.942972370938755 -3.18750213746622 516.7751131057739 805.8989858627319 
55.942972370938755 -3.18750213746622 S 55.94267237093875 -3.18750213746622 516.7751131057739 804.6489858627319 
55.94267237093875 -3.18750213746622 N 55.942972370938755 -3.18750213746622 516.7751131057739 803.3989858627319 
55.942972370938755 -3.18750213746622 E 55.942972370938755 -3.18720213746622 516.7751131057739 802.1489858627319 
55.942972370938755 -3.18720213746622 SSE 55.942695207079 -3.1870873324365103 516.7751131057739 800.8989858627319 
55.942695207079 -3.1870873324365103 W 55.942695207079 -3.1873873324365105 516.7751131057739 799.6489858627319 
55.942695207079 -3.1873873324365105 N 55.942995207079 -3.1873873324365105 516.7751131057739 798.3989858627319 
55.942995207079 -3.1873873324365105 W 55.942995207079 -3.1876873324365107 516.7751131057739 797.1489858627319 
55.942995207079 -3.1876873324365107 SSE 55.942718043219244 -3.187572527406801 516.7751131057739 795.8989858627319 
55.942718043219244 -3.187572527406801 NE 55.9429301752536 -3.1873603953724454 516.7751131057739 794.6489858627319 
55.9429301752536 -3.1873603953724454 N 55.9432301752536 -3.1873603953724454 516.7751131057739 793.3989858627319 
55.9432301752536 -3.1873603953724454 S 55.9429301752536 -3.1873603953724454 516.7751131057739 792.1489858627319 
55.9429301752536 -3.1873603953724454 NNW 55.94320733911336 -3.187475200402155 516.7751131057739 790.8989858627319 
55.94320733911336 -3.187475200402155 SE 55.942995207079 -3.187263068367799 516.7751131057739 789.6489858627319 
55.942995207079 -3.187263068367799 N 55.943295207079004 -3.187263068367799 516.7751131057739 788.3989858627319 
55.943295207079004 -3.187263068367799 S 55.942995207079 -3.187263068367799 516.7751131057739 787.1489858627319 
55.942995207079 -3.187263068367799 WNW 55.94311001210871 -3.1875402322275526 516.7751131057739 785.8989858627319 
55.94311001210871 -3.1875402322275526 W 55.94311001210871 -3.1878402322275528 516.7751131057739 784.6489858627319 
55.94311001210871 -3.1878402322275528 SE 55.942897880074355 -3.187628100193197 516.7751131057739 783.3989858627319 
55.942897880074355 -3.187628100193197 ENE 55.943012685104065 -3.1873509363334436 516.7751131057739 782.1489858627319 
55.943012685104065 -3.1873509363334436 NW 55.94322481713842 -3.1875630683677993 516.7751131057739 780.8989858627319 
55.94322481713842 -3.1875630683677993 E 55.94322481713842 -3.187263068367799 516.7751131057739 779.6489858627319 
55.94322481713842 -3.187263068367799 NE 55.94343694917278 -3.1870509363334434 516.7751131057739 778.3989858627319 
55.94343694917278 -3.1870509363334434 E 55.94343694917278 -3.186750936333443 516.7751131057739 777.1489858627319 
55.94343694917278 -3.186750936333443 ESE 55.94332214414307 -3.18647377247369 540.075852394104 843.7059011459351 
55.94332214414307 -3.18647377247369 SE 55.94311001210871 -3.186261640439334 540.075852394104 842.4559011459351 
55.94311001210871 -3.186261640439334 E 55.94311001210871 -3.185961640439334 659.4981470108032 936.6012716293335 
55.94311001210871 -3.185961640439334 SE 55.942897880074355 -3.185749508404978 659.4981470108032 935.3512716293335 
55.942897880074355 -3.185749508404978 NNE 55.94317504393411 -3.1856347033752686 659.4981470108032 934.1012716293335 
55.94317504393411 -3.1856347033752686 S 55.94287504393411 -3.1856347033752686 659.4981470108032 932.8512716293335 
55.94287504393411 -3.1856347033752686 NE 55.943087175968465 -3.185422571340913 659.4981470108032 931.6012716293335 
55.943087175968465 -3.185422571340913 E 55.943087175968465 -3.1851225713409126 659.4981470108032 930.3512716293335 
55.943087175968465 -3.1851225713409126 W 55.943087175968465 -3.185422571340913 659.4981470108032 929.1012716293335 
55.943087175968465 -3.185422571340913 E 55.943087175968465 -3.1851225713409126 659.4981470108032 927.8512716293335 
55.943087175968465 -3.1851225713409126 ESE 55.942972370938755 -3.184845407481159 659.4981470108032 926.6012716293335 
55.942972370938755 -3.184845407481159 WNW 55.943087175968465 -3.1851225713409126 659.4981470108032 925.3512716293335 
55.943087175968465 -3.1851225713409126 E 55.943087175968465 -3.1848225713409124 659.4981470108032 924.1012716293335 
55.943087175968465 -3.1848225713409124 SSW 55.94281001210871 -3.184937376370622 659.4981470108032 922.8512716293335 
55.94281001210871 -3.184937376370622 NNE 55.943087175968465 -3.1848225713409124 659.4981470108032 921.6012716293335 
55.943087175968465 -3.1848225713409124 NNW 55.94336433982822 -3.184937376370622 659.4981470108032 920.3512716293335 
55.94336433982822 -3.184937376370622 NNW 55.94364150368798 -3.1850521814003314 659.4981470108032 919.1012716293335 
55.94364150368798 -3.1850521814003314 SW 55.94342937165362 -3.185264313434687 659.4981470108032 917.8512716293335 
55.94342937165362 -3.185264313434687 NNW 55.94370653551338 -3.1853791184643967 659.4981470108032 916.6012716293335 
55.94370653551338 -3.1853791184643967 NW 55.943918667547734 -3.1855912504987525 661.6753504276276 969.6660261154175 
55.943918667547734 -3.1855912504987525 NNW 55.94419583140749 -3.185706055528462 661.6753504276276 968.4160261154175 
55.94419583140749 -3.185706055528462 WSW 55.94408102637778 -3.1859832193882154 769.8122522830963 1047.0715055465698 
55.94408102637778 -3.1859832193882154 NE 55.94429315841214 -3.1857710873538596 804.9224092960358 1049.1322543621063 
55.94429315841214 -3.1857710873538596 ENE 55.94440796344185 -3.185493923494106 906.6492388248444 1157.1750934123993 
55.94440796344185 -3.185493923494106 E 55.94440796344185 -3.185193923494106 906.6492388248444 1155.9250934123993 
55.94440796344185 -3.185193923494106 W 55.94440796344185 -3.185493923494106 906.6492388248444 1154.6750934123993 
55.94440796344185 -3.185493923494106 S 55.944107963441844 -3.185493923494106 906.6492388248444 1153.4250934123993 
55.944107963441844 -3.185493923494106 SSW 55.94383079958209 -3.1856087285238157 906.6492388248444 1152.1750934123993 
55.94383079958209 -3.1856087285238157 SE 55.94361866754773 -3.18539659648946 906.6492388248444 1150.9250934123993 
55.94361866754773 -3.18539659648946 E 55.94361866754773 -3.1850965964894598 906.6492388248444 1149.6750934123993 
55.94361866754773 -3.1850965964894598 NNE 55.94389583140749 -3.1849817914597502 906.6492388248444 1148.4250934123993 
55.94389583140749 -3.1849817914597502 ESE 55.94378102637778 -3.184704627599997 906.6492388248444 1147.1750934123993 
55.94378102637778 -3.184704627599997 ENE 55.94389583140749 -3.1844274637402434 906.6492388248444 1145.9250934123993 
55.94389583140749 -3.1844274637402434 WSW 55.94378102637778 -3.184704627599997 906.6492388248444 1144.6750934123993 
55.94378102637778 -3.184704627599997 SE 55.94356889434342 -3.184492495565641 906.6492388248444 1143.4250934123993 
55.94356889434342 -3.184492495565641 SSW 55.943291730483665 -3.1846073005953506 906.6492388248444 1142.1750934123993 
55.943291730483665 -3.1846073005953506 NNW 55.94356889434342 -3.18472210562506 906.6492388248444 1140.9250934123993 
55.94356889434342 -3.18472210562506 NNW 55.94384605820318 -3.1848369106547696 906.6492388248444 1139.6750934123993 
55.94384605820318 -3.1848369106547696 SE 55.94363392616882 -3.184624778620414 906.6492388248444 1138.4250934123993 
55.94363392616882 -3.184624778620414 SSW 55.943356762309065 -3.1847395836501233 906.6492388248444 1137.1750934123993 
55.943356762309065 -3.1847395836501233 WSW 55.943241957279355 -3.1850167475098767 906.6492388248444 1135.9250934123993 
55.943241957279355 -3.1850167475098767 E 55.943241957279355 -3.1847167475098765 906.6492388248444 1134.6750934123993 
55.943241957279355 -3.1847167475098765 WSW 55.943127152249644 -3.18499391136963 906.6492388248444 1133.4250934123993 
55.943127152249644 -3.18499391136963 S 55.94282715224964 -3.18499391136963 906.6492388248444 1132.1750934123993 
55.94282715224964 -3.18499391136963 NW 55.943039284284 -3.1852060434039857 906.6492388248444 1130.9250934123993 
55.943039284284 -3.1852060434039857 SW 55.94282715224964 -3.1854181754383415 906.6492388248444 1129.6750934123993 
55.94282715224964 -3.1854181754383415 E 55.94282715224964 -3.1851181754383413 906.6492388248444 1128.4250934123993 
55.94282715224964 -3.1851181754383413 WNW 55.94294195727935 -3.1853953392980947 906.6492388248444 1127.1750934123993 
55.94294195727935 -3.1853953392980947 SSE 55.942664793419596 -3.185280534268385 906.6492388248444 1125.9250934123993 
55.942664793419596 -3.185280534268385 E 55.942664793419596 -3.184980534268385 906.6492388248444 1124.6750934123993 
55.942664793419596 -3.184980534268385 ENE 55.942779598449306 -3.1847033704086316 906.6492388248444 1123.4250934123993 
55.942779598449306 -3.1847033704086316 ESE 55.942664793419596 -3.184426206548878 906.6492388248444 1122.1750934123993 
55.942664793419596 -3.184426206548878 WNW 55.942779598449306 -3.1847033704086316 906.6492388248444 1120.9250934123993 
55.942779598449306 -3.1847033704086316 ESE 55.942664793419596 -3.184426206548878 906.6492388248444 1119.6750934123993 
55.942664793419596 -3.184426206548878 W 55.942664793419596 -3.1847262065488784 906.6492388248444 1118.4250934123993 
55.942664793419596 -3.1847262065488784 NW 55.94287692545395 -3.184938338583234 906.6492388248444 1117.1750934123993 
55.94287692545395 -3.184938338583234 N 55.943176925453955 -3.184938338583234 906.6492388248444 1115.9250934123993 
55.943176925453955 -3.184938338583234 NW 55.94338905748831 -3.18515047061759 906.6492388248444 1114.6750934123993 
55.94338905748831 -3.18515047061759 NW 55.94360118952267 -3.1853626026519457 906.6492388248444 1113.4250934123993 
55.94360118952267 -3.1853626026519457 SSW 55.94332402566291 -3.185477407681655 906.6492388248444 1112.1750934123993 
55.94332402566291 -3.185477407681655 SSE 55.943046861803154 -3.1853626026519457 906.6492388248444 1110.9250934123993 
55.943046861803154 -3.1853626026519457 S 55.94274686180315 -3.1853626026519457 906.6492388248444 1109.6750934123993 
55.94274686180315 -3.1853626026519457 E 55.94274686180315 -3.1850626026519455 906.6492388248444 1108.4250934123993 
55.94274686180315 -3.1850626026519455 N 55.943046861803154 -3.1850626026519455 906.6492388248444 1107.1750934123993 
55.943046861803154 -3.1850626026519455 ESE 55.942932056773444 -3.184785438792192 906.6492388248444 1105.9250934123993 
55.942932056773444 -3.184785438792192 SSE 55.94265489291369 -3.1846706337624826 906.6492388248444 1104.6750934123993 
55.94265489291369 -3.1846706337624826 E 55.94265489291369 -3.1843706337624824 906.6492388248444 1103.4250934123993 
55.94265489291369 -3.1843706337624824 W 55.94265489291369 -3.1846706337624826 906.6492388248444 1102.1750934123993 
55.94265489291369 -3.1846706337624826 NNW 55.942932056773444 -3.184785438792192 906.6492388248444 1100.9250934123993 
55.942932056773444 -3.184785438792192 S 55.94263205677344 -3.184785438792192 906.6492388248444 1099.6750934123993 
55.94263205677344 -3.184785438792192 W 55.94263205677344 -3.1850854387921923 906.6492388248444 1098.4250934123993 
55.94263205677344 -3.1850854387921923 NE 55.9428441888078 -3.1848733067578365 906.6492388248444 1097.1750934123993 
55.9428441888078 -3.1848733067578365 NW 55.94305632084215 -3.1850854387921923 906.6492388248444 1095.9250934123993 
55.94305632084215 -3.1850854387921923 SW 55.9428441888078 -3.185297570826548 906.6492388248444 1094.6750934123993 
55.9428441888078 -3.185297570826548 NNE 55.94312135266755 -3.1851827657968386